M 35 0 1950409828
M 25 0 1950409828
U 0 1915503092 2 1950409828
E 25 1950409828
U 0 897697267 4 1950409828
N 1789447862 24 3 62 0 1950409828
E 35 1950409828
M 29 0 1950409828
M 25 0 1950409828
U 0 1915503092 2 1950409828
E 25 1950409828
M 31 0 1950409828
M 61 445884362 1950409828
W 445884362 7 1950409828
E 61 1950409828
M 62 445884362 1950409828
W 445884362 7 1950409828
N 1031980531 40 7 80 0 1950409828
E 62 1950409828
M 63 445884362 1950409828
W 445884362 7 1950409828
E 63 1950409828
M 66 1642534850 1950409828
W 1642534850 9 1950409828
W 1031980531 10 1950409828
E 66 1950409828
M 68 1313953385 1950409828
W 1313953385 11 1950409828
E 68 1950409828
M 73 399573350 1950409828
M 73 399573350 1950409828
W 399573350 12 1950409828
W 1313953385 11 1950409828
W 1313953385 11 1950409828
W 399573350 12 1950409828
M 79 476402209 1950409828
E 79 1950409828
N 1490180672 32 12 81 0 1950409828
E 73 1950409828
E 73 1950409828
M 60 460332449 1950409828
W 460332449 7 1950409828
E 60 1950409828
M 60 1919892312 1950409828
W 1919892312 7 1950409828
E 60 1950409828
M 66 1143839598 1950409828
W 1143839598 9 1950409828
W 250075633 10 1950409828
E 66 1950409828
E 31 1950409828
U 0 517938326 3 1950409828
M 33 0 1950409828
E 33 1950409828
M 34 0 1950409828
M 106 0 1950409828
A 110718392 24 20 98 1 1950409828
M 107 0 1950409828
E 107 1950409828
M 107 0 1950409828
E 107 1950409828
E 106 1950409828
E 34 1950409828
E 29 1950409828
M 32 0 1950409828
E 32 1950409828
M 103 0 1950409828
M 61 2110121908 1950409828
W 2110121908 7 1950409828
E 61 1950409828
M 62 2110121908 1950409828
W 2110121908 7 1950409828
N 32374789 40 7 80 0 1950409828
E 62 1950409828
M 63 2110121908 1950409828
W 2110121908 7 1950409828
E 63 1950409828
M 66 1973538135 1950409828
W 1973538135 9 1950409828
W 32374789 10 1950409828
E 66 1950409828
M 68 1023487453 1950409828
W 1023487453 11 1950409828
E 68 1950409828
N 515132998 24 19 96 0 1950409828
M 109 515132998 1950409828
E 109 1950409828
N 1694819250 24 19 97 0 1950409828
M 111 515132998 1950409828
U 515132998 1694819250 8 1950409828
E 111 1950409828
E 103 1950409828
M 114 2001112025 1950409828
W 2001112025 22 1950409828
E 114 1950409828
M 118 2001112025 1950409828
W 2001112025 22 1950409828
M 115 2001112025 1950409828
W 2001112025 22 1950409828
E 115 1950409828
E 118 1950409828
M 114 2001112025 1950409828
W 2001112025 22 1950409828
E 114 1950409828
M 114 207125190 44012861
W 207125190 22 44012861
E 114 44012861
M 118 207125190 44012861
W 207125190 22 44012861
M 115 207125190 44012861
W 207125190 22 44012861
E 115 44012861
E 118 44012861
M 114 207125190 44012861
W 207125190 22 44012861
E 114 44012861
M 114 111153590 44012861
W 111153590 22 44012861
E 114 44012861
M 118 111153590 44012861
W 111153590 22 44012861
M 115 111153590 44012861
W 111153590 22 44012861
E 115 44012861
E 118 44012861
M 2 787604730 787604730
