M 33 0 1283928880
M 21 0 1283928880
U 0 914504136 2 1283928880
E 21 1283928880
U 0 99747242 4 1283928880
N 1837543557 24 2 55 0 1283928880
E 33 1283928880
M 25 0 1283928880
M 21 0 1283928880
U 0 914504136 2 1283928880
E 21 1283928880
M 27 0 1283928880
M 55 1689843956 1283928880
W 1689843956 4 1283928880
E 55 1283928880
M 56 1689843956 1283928880
W 1689843956 4 1283928880
N 766572210 32 4 75 0 1283928880
E 56 1283928880
M 57 1689843956 1283928880
W 1689843956 4 1283928880
E 57 1283928880
M 60 977993101 1283928880
W 977993101 6 1283928880
W 766572210 7 1283928880
E 60 1283928880
M 62 380936215 1283928880
W 380936215 8 1283928880
E 62 1283928880
M 67 142638629 1283928880
M 67 142638629 1283928880
W 142638629 9 1283928880
W 380936215 8 1283928880
M 104 1123225098 1283928880
U 1123225098 606548741 7 1283928880
E 104 1283928880
M 78 1528637575 1283928880
M 74 1528637575 1283928880
E 74 1283928880
W 1528637575 11 1283928880
M 85 1190524793 1283928880
M 74 1190524793 1283928880
E 74 1283928880
M 88 1190524793 1283928880
W 1190524793 12 1283928880
M 89 1190524793 1283928880
W 1190524793 12 1283928880
W 1190524793 12 1283928880
M 109 1123225098 1283928880
N 870698190 24 15 93 0 1283928880
E 109 1283928880
W 1190524793 12 1283928880
E 89 1283928880
E 88 1283928880
M 114 870698190 1283928880
M 74 870698190 1283928880
E 74 1283928880
W 870698190 16 1283928880
W 870698190 16 1283928880
M 111 1123225098 1283928880
E 111 1283928880
W 870698190 16 1283928880
E 114 1283928880
E 85 1283928880
E 78 1283928880
W 380936215 8 1283928880
W 142638629 9 1283928880
M 73 1528637575 1283928880
E 73 1283928880
N 1389647288 40 9 76 0 1283928880
E 67 1283928880
E 67 1283928880
M 54 1634198 1283928880
W 1634198 4 1283928880
E 54 1283928880
M 54 110456297 1283928880
W 110456297 4 1283928880
E 54 1283928880
M 60 1989972246 1283928880
W 1989972246 6 1283928880
W 1791930789 7 1283928880
E 60 1283928880
E 27 1283928880
U 0 12209492 3 1283928880
M 29 0 1283928880
E 29 1283928880
M 32 0 1283928880
M 149 0 1283928880
M 152 0 1283928880
E 152 1283928880
A 1983747920 24 22 126 1 1283928880
E 149 1283928880
M 31 0 1283928880
E 31 1283928880
M 152 0 1283928880
E 152 1283928880
E 32 1283928880
E 25 1283928880
M 28 0 1283928880
E 28 1283928880
M 152 0 1283928880
E 152 1283928880
M 30 0 1283928880
E 30 1283928880
M 143 0 1283928880
M 55 761960786 1283928880
W 761960786 4 1283928880
E 55 1283928880
M 56 761960786 1283928880
W 761960786 4 1283928880
N 581374081 32 4 75 0 1283928880
E 56 1283928880
M 57 761960786 1283928880
W 761960786 4 1283928880
E 57 1283928880
M 60 959447386 1283928880
W 959447386 6 1283928880
W 581374081 7 1283928880
E 60 1283928880
M 62 1654589030 1283928880
W 1654589030 8 1283928880
E 62 1283928880
N 33524623 24 20 122 0 1283928880
N 947679291 24 20 123 0 1283928880
U 33524623 947679291 11 1283928880
W 33524623 21 1283928880
N 575335780 24 20 123 0 1283928880
U 947679291 575335780 11 1283928880
W 947679291 21 1283928880
N 205125520 24 20 123 0 1283928880
U 575335780 205125520 11 1283928880
W 575335780 21 1283928880
N 1911006827 24 20 123 0 1283928880
U 205125520 1911006827 11 1283928880
W 205125520 21 1283928880
N 717356484 24 20 123 0 1283928880
U 1911006827 717356484 11 1283928880
W 1911006827 21 1283928880
N 1595212853 24 20 123 0 1283928880
U 717356484 1595212853 11 1283928880
W 717356484 21 1283928880
N 475266352 24 20 123 0 1283928880
U 1595212853 475266352 11 1283928880
W 1595212853 21 1283928880
N 1355531311 24 20 123 0 1283928880
U 475266352 1355531311 11 1283928880
W 475266352 21 1283928880
N 1967205423 24 20 123 0 1283928880
U 1355531311 1967205423 11 1283928880
W 1355531311 21 1283928880
W 33524623 21 1283928880
W 947679291 21 1283928880
W 575335780 21 1283928880
W 205125520 21 1283928880
W 1911006827 21 1283928880
W 717356484 21 1283928880
W 1595212853 21 1283928880
W 475266352 21 1283928880
W 1355531311 21 1283928880
W 1967205423 21 1283928880
A 42121758 40 20 124 5 1283928880
E 143 1283928880
M 157 532445947 1283928880
W 532445947 24 1283928880
E 157 1283928880
M 161 532445947 1283928880
W 532445947 24 1283928880
M 158 532445947 1283928880
W 532445947 24 1283928880
E 158 1283928880
E 161 1283928880
M 157 532445947 1283928880
W 532445947 24 1283928880
E 157 1283928880
M 157 180452940 67539300
W 180452940 24 67539300
E 157 67539300
M 161 180452940 67539300
W 180452940 24 67539300
M 158 180452940 67539300
W 180452940 24 67539300
E 158 67539300
E 161 67539300
M 157 180452940 67539300
W 180452940 24 67539300
E 157 67539300
M 157 3740988 67539300
W 3740988 24 67539300
E 157 67539300
M 161 3740988 67539300
W 3740988 24 67539300
M 158 3740988 67539300
W 3740988 24 67539300
E 158 67539300
E 161 67539300
M 2 233530418 233530418
D 1837543557 1283928880 4
D 766572210 1283928880 16
D 870698190 1283928880 40
D 1389647288 1283928880 45
D 1983747920 1283928880 60
D 581374081 1283928880 81
D 33524623 1283928880 84
D 1595212853 1283928880 84
D 475266352 1283928880 84
D 1355531311 1283928880 84
D 717356484 1283928880 84
D 947679291 1283928880 84
D 205125520 1283928880 84
D 1911006827 1283928880 84
D 42121758 1283928880 84
D 575335780 1283928880 84
D 1967205423 1283928880 84
