M 35 0 1950409828
M 25 0 1950409828
U 0 1915503092 2 1950409828
E 25 1950409828
U 0 897697267 4 1950409828
N 1789447862 24 3 62 0 1950409828
E 35 1950409828
M 29 0 1950409828
M 25 0 1950409828
U 0 1915503092 2 1950409828
E 25 1950409828
M 31 0 1950409828
M 61 445884362 1950409828
E 61 1950409828
M 62 445884362 1950409828
N 1031980531 40 7 80 0 1950409828
E 62 1950409828
M 63 445884362 1950409828
E 63 1950409828
M 66 1642534850 1950409828
E 66 1950409828
M 68 1313953385 1950409828
E 68 1950409828
M 73 399573350 1950409828
M 73 399573350 1950409828
M 79 476402209 1950409828
E 79 1950409828
N 1490180672 32 12 81 0 1950409828
E 73 1950409828
E 73 1950409828
M 60 460332449 1950409828
E 60 1950409828
M 60 1919892312 1950409828
E 60 1950409828
M 66 1143839598 1950409828
E 66 1950409828
E 31 1950409828
U 0 517938326 3 1950409828
M 33 0 1950409828
E 33 1950409828
M 34 0 1950409828
M 106 0 1950409828
A 110718392 24 21 99 1 1950409828
M 107 0 1950409828
E 107 1950409828
M 107 0 1950409828
E 107 1950409828
E 106 1950409828
E 34 1950409828
E 29 1950409828
M 32 0 1950409828
E 32 1950409828
M 103 0 1950409828
M 61 2110121908 1950409828
E 61 1950409828
M 62 2110121908 1950409828
N 32374789 40 7 80 0 1950409828
E 62 1950409828
M 63 2110121908 1950409828
E 63 1950409828
M 66 1973538135 1950409828
E 66 1950409828
M 68 1023487453 1950409828
E 68 1950409828
N 515132998 24 19 96 0 1950409828
N 1694819250 24 19 97 0 1950409828
U 515132998 1694819250 8 1950409828
N 1365202186 24 19 97 0 1950409828
U 1694819250 1365202186 8 1950409828
N 1651191114 24 19 97 0 1950409828
U 1365202186 1651191114 8 1950409828
N 1586600255 24 19 97 0 1950409828
U 1651191114 1586600255 8 1950409828
N 474675244 24 19 97 0 1950409828
U 1586600255 474675244 8 1950409828
N 932583850 24 19 97 0 1950409828
U 474675244 932583850 8 1950409828
N 212628335 24 19 97 0 1950409828
U 932583850 212628335 8 1950409828
N 1579572132 24 19 97 0 1950409828
U 212628335 1579572132 8 1950409828
N 359023572 24 19 97 0 1950409828
U 1579572132 359023572 8 1950409828
A 305808283 40 19 98 5 1950409828
E 103 1950409828
M 110 242481580 1950409828
E 110 1950409828
M 114 242481580 1950409828
M 111 242481580 1950409828
E 111 1950409828
E 114 1950409828
M 110 242481580 1950409828
E 110 1950409828
M 110 706540931 618340016
E 110 618340016
M 114 706540931 618340016
M 111 706540931 618340016
E 111 618340016
E 114 618340016
M 110 706540931 618340016
E 110 618340016
M 110 551853811 618340016
E 110 618340016
M 114 551853811 618340016
M 111 551853811 618340016
E 111 618340016
E 114 618340016
M 2 787604730 787604730
