M 35 0 1950409828
M 25 0 1950409828
E 25 1950409828
N 458209687 24 3 62 0 1950409828
E 35 1950409828
M 29 0 1950409828
M 25 0 1950409828
E 25 1950409828
M 31 0 1950409828
M 61 1789447862 1950409828
E 61 1950409828
M 62 1789447862 1950409828
N 38997010 40 7 80 0 1950409828
E 62 1950409828
M 63 1789447862 1950409828
E 63 1950409828
M 66 1213415012 1950409828
E 66 1950409828
M 68 999661724 1950409828
E 68 1950409828
M 73 1793329556 1950409828
M 73 1793329556 1950409828
M 79 1811075214 1950409828
E 79 1950409828
N 1588970020 32 12 81 0 1950409828
E 73 1950409828
E 73 1950409828
M 60 1407343478 1950409828
E 60 1950409828
M 60 1940447180 1950409828
E 60 1950409828
M 66 245565335 1950409828
E 66 1950409828
E 31 1950409828
M 33 0 1950409828
E 33 1950409828
M 34 0 1950409828
M 106 0 1950409828
A 183264084 24 21 99 1 1950409828
M 107 0 1950409828
E 107 1950409828
M 107 0 1950409828
E 107 1950409828
E 106 1950409828
E 34 1950409828
E 29 1950409828
M 32 0 1950409828
E 32 1950409828
M 103 0 1950409828
M 61 517938326 1950409828
E 61 1950409828
M 62 517938326 1950409828
N 914424520 40 7 80 0 1950409828
E 62 1950409828
M 63 517938326 1950409828
E 63 1950409828
M 66 110718392 1950409828
E 66 1950409828
M 68 425918570 1950409828
E 68 1950409828
N 1100439041 24 19 96 0 1950409828
N 204349222 24 19 97 0 1950409828
N 231685785 24 19 97 0 1950409828
N 114935352 24 19 97 0 1950409828
N 2110121908 24 19 97 0 1950409828
N 32374789 24 19 97 0 1950409828
N 1973538135 24 19 97 0 1950409828
N 1023487453 24 19 97 0 1950409828
N 1865127310 24 19 97 0 1950409828
N 515132998 24 19 97 0 1950409828
A 1694819250 40 19 98 5 1950409828
E 103 1950409828
M 110 2001112025 1950409828
E 110 1950409828
M 114 2001112025 1950409828
M 111 2001112025 1950409828
E 111 1950409828
E 114 1950409828
M 110 2001112025 1950409828
E 110 1950409828
M 110 77217300 173916407
E 110 173916407
M 114 77217300 173916407
M 111 77217300 173916407
E 111 173916407
E 114 173916407
M 110 77217300 173916407
E 110 173916407
M 110 241325412 173916407
E 110 173916407
M 114 241325412 173916407
M 111 241325412 173916407
E 111 173916407
E 114 173916407
M 2 787604730 787604730
