M 35 0 1950409828
M 25 0 1950409828
E 25 1950409828
N 458209687 24 3 62 0 1950409828
D 458209687 1950409828 2 24
E 35 1950409828
M 29 0 1950409828
M 25 0 1950409828
E 25 1950409828
M 31 0 1950409828
M 61 1789447862 1950409828
E 61 1950409828
M 62 1789447862 1950409828
N 38997010 40 7 80 0 1950409828
D 38997010 1950409828 8 40
E 62 1950409828
M 63 1789447862 1950409828
E 63 1950409828
M 66 1213415012 1950409828
D 1789447862 1950409828 10 4
E 66 1950409828
M 68 999661724 1950409828
D 1213415012 1950409828 11 4
E 68 1950409828
M 73 1793329556 1950409828
D 999661724 1950409828 12 4
M 73 1793329556 1950409828
M 79 1811075214 1950409828
D 1793329556 1950409828 14 4
E 79 1950409828
N 1588970020 32 12 81 0 1950409828
D 1588970020 1950409828 15 32
D 1811075214 1950409828 15 4
E 73 1950409828
E 73 1950409828
M 60 1407343478 1950409828
E 60 1950409828
M 60 1940447180 1950409828
D 1407343478 1950409828 17 4
E 60 1950409828
M 66 245565335 1950409828
D 1940447180 1950409828 18 4
E 66 1950409828
E 31 1950409828
M 33 0 1950409828
D 245565335 1950409828 19 4
E 33 1950409828
M 34 0 1950409828
M 106 0 1950409828
A 183264084 24 21 99 1 1950409828
D 183264084 1950409828 22 24
M 107 0 1950409828
E 107 1950409828
M 107 0 1950409828
E 107 1950409828
E 106 1950409828
E 34 1950409828
E 29 1950409828
M 32 0 1950409828
E 32 1950409828
M 103 0 1950409828
M 61 517938326 1950409828
E 61 1950409828
M 62 517938326 1950409828
N 914424520 40 7 80 0 1950409828
D 914424520 1950409828 29 40
E 62 1950409828
M 63 517938326 1950409828
E 63 1950409828
M 66 110718392 1950409828
D 517938326 1950409828 31 4
E 66 1950409828
M 68 425918570 1950409828
D 110718392 1950409828 32 4
E 68 1950409828
N 1100439041 24 19 96 0 1950409828
D 425918570 1950409828 33 4
D 1100439041 1950409828 33 24
N 204349222 24 19 97 0 1950409828
D 204349222 1950409828 34 24
N 231685785 24 19 97 0 1950409828
D 231685785 1950409828 35 24
N 114935352 24 19 97 0 1950409828
D 114935352 1950409828 36 24
N 2110121908 24 19 97 0 1950409828
D 2110121908 1950409828 37 24
N 32374789 24 19 97 0 1950409828
D 32374789 1950409828 38 24
N 1973538135 24 19 97 0 1950409828
D 1973538135 1950409828 39 24
N 1023487453 24 19 97 0 1950409828
D 1023487453 1950409828 40 24
N 1865127310 24 19 97 0 1950409828
D 1865127310 1950409828 41 24
N 515132998 24 19 97 0 1950409828
D 515132998 1950409828 42 24
A 1694819250 40 19 98 5 1950409828
D 1694819250 1950409828 43 40
E 103 1950409828
M 110 2001112025 1950409828
E 110 1950409828
M 114 2001112025 1950409828
M 111 2001112025 1950409828
E 111 1950409828
E 114 1950409828
M 110 2001112025 1950409828
E 110 1950409828
M 110 77217300 173916407
D 2001112025 1950409828 48 4
E 110 173916407
M 114 77217300 173916407
M 111 77217300 173916407
E 111 173916407
E 114 173916407
M 110 77217300 173916407
E 110 173916407
M 110 241325412 173916407
D 77217300 1950409828 52 4
E 110 173916407
M 114 241325412 173916407
M 111 241325412 173916407
E 111 173916407
E 114 173916407
M 2 787604730 787604730
D 241325412 1950409828 55 4
