M 35 0 1950409828
M 25 0 1950409828
U 0 1915503092 2 1950409828
E 25 1950409828
U 0 897697267 4 1950409828
N 1789447862 24 3 62 0 1950409828
E 35 1950409828
M 29 0 1950409828
M 25 0 1950409828
U 0 1915503092 2 1950409828
E 25 1950409828
M 31 0 1950409828
M 61 445884362 1950409828
W 445884362 7 1950409828
E 61 1950409828
M 62 445884362 1950409828
W 445884362 7 1950409828
N 1031980531 40 7 80 0 1950409828
E 62 1950409828
M 63 445884362 1950409828
W 445884362 7 1950409828
E 63 1950409828
M 66 1642534850 1950409828
W 1642534850 9 1950409828
W 1031980531 10 1950409828
E 66 1950409828
M 68 1313953385 1950409828
W 1313953385 11 1950409828
E 68 1950409828
M 73 399573350 1950409828
M 73 399573350 1950409828
W 399573350 12 1950409828
W 1313953385 11 1950409828
W 1313953385 11 1950409828
W 399573350 12 1950409828
M 79 476402209 1950409828
E 79 1950409828
N 1490180672 32 12 81 0 1950409828
E 73 1950409828
E 73 1950409828
E 31 1950409828
U 0 1919892312 3 1950409828
M 33 0 1950409828
E 33 1950409828
M 34 0 1950409828
M 106 0 1950409828
A 250075633 24 20 96 1 1950409828
M 107 0 1950409828
E 107 1950409828
M 107 0 1950409828
E 107 1950409828
E 106 1950409828
E 34 1950409828
E 29 1950409828
M 32 0 1950409828
E 32 1950409828
M 103 0 1950409828
E 103 1950409828
M 109 385242642 1950409828
W 385242642 21 1950409828
E 109 1950409828
M 113 385242642 1950409828
W 385242642 21 1950409828
M 110 385242642 1950409828
W 385242642 21 1950409828
E 110 1950409828
E 113 1950409828
M 109 385242642 1950409828
W 385242642 21 1950409828
E 109 1950409828
M 109 1438444844 1534790123
W 1438444844 21 1534790123
E 109 1534790123
M 113 1438444844 1534790123
W 1438444844 21 1534790123
M 110 1438444844 1534790123
W 1438444844 21 1534790123
E 110 1534790123
E 113 1534790123
M 109 1438444844 1534790123
W 1438444844 21 1534790123
E 109 1534790123
M 109 1598326364 1534790123
W 1598326364 21 1534790123
E 109 1534790123
M 113 1598326364 1534790123
W 1598326364 21 1534790123
M 110 1598326364 1534790123
W 1598326364 21 1534790123
E 110 1534790123
E 113 1534790123
M 2 787604730 787604730
