M 40 752848266 1950409828
E 40 1950409828
M 41 752848266 1950409828
N 815033865 40 6 58 0 1950409828
E 41 1950409828
M 42 752848266 1950409828
E 42 1950409828
M 45 1190900417 1950409828
E 45 1950409828
M 47 1598924227 1950409828
E 47 1950409828
M 52 1144748369 1950409828
M 52 1144748369 1950409828
N 200006406 32 10 59 0 1950409828
E 52 1950409828
E 52 1950409828
M 39 2052001577 1950409828
E 39 1950409828
M 39 1160264930 1950409828
E 39 1950409828
M 45 544724190 1950409828
E 45 1950409828
M 76 0 1950409828
A 1936628443 24 18 66 1 1950409828
M 77 0 1950409828
E 77 1950409828
M 77 0 1950409828
E 77 1950409828
E 76 1950409828
M 73 0 1950409828
M 40 277630005 1950409828
E 40 1950409828
M 41 277630005 1950409828
N 1288354730 40 6 58 0 1950409828
E 41 1950409828
M 42 277630005 1950409828
E 42 1950409828
M 45 1274370218 1950409828
E 45 1950409828
M 47 758705033 1950409828
E 47 1950409828
N 1177096266 24 17 65 0 1950409828
N 670576685 24 17 65 0 1950409828
N 1299641336 24 17 65 0 1950409828
N 764308918 24 17 65 0 1950409828
N 598446861 24 17 65 0 1950409828
N 1161082381 24 17 65 0 1950409828
N 1067938912 24 17 65 0 1950409828
N 1637506559 24 17 65 0 1950409828
N 517380410 24 17 65 0 1950409828
N 2117255219 24 17 65 0 1950409828
N 2058534881 24 17 65 0 1950409828
N 1232367853 24 17 65 0 1950409828
N 1673605040 24 17 65 0 1950409828
N 186276003 24 17 65 0 1950409828
N 1681433494 24 17 65 0 1950409828
N 237061348 24 17 65 0 1950409828
N 1685538367 24 17 65 0 1950409828
N 1030870354 24 17 65 0 1950409828
N 485815673 24 17 65 0 1950409828
N 410424423 24 17 65 0 1950409828
N 1190035432 24 17 65 0 1950409828
N 1963387170 24 17 65 0 1950409828
N 1323468230 24 17 65 0 1950409828
N 1645995473 24 17 65 0 1950409828
N 1463801669 24 17 65 0 1950409828
N 355629945 24 17 65 0 1950409828
N 1327763628 24 17 65 0 1950409828
N 1915503092 24 17 65 0 1950409828
N 1535128843 24 17 65 0 1950409828
N 1567581361 24 17 65 0 1950409828
N 849460928 24 17 65 0 1950409828
N 580024961 24 17 65 0 1950409828
N 2027961269 24 17 65 0 1950409828
N 1586270964 24 17 65 0 1950409828
N 1642360923 24 17 65 0 1950409828
N 1343441044 24 17 65 0 1950409828
N 693632176 24 17 65 0 1950409828
N 326549596 24 17 65 0 1950409828
N 1364335809 24 17 65 0 1950409828
N 458209687 24 17 65 0 1950409828
N 233530418 24 17 65 0 1950409828
N 683287027 24 17 65 0 1950409828
N 1766822961 24 17 65 0 1950409828
N 254413710 24 17 65 0 1950409828
N 1496724653 24 17 65 0 1950409828
N 553264065 24 17 65 0 1950409828
N 897697267 24 17 65 0 1950409828
N 1789447862 24 17 65 0 1950409828
N 38997010 24 17 65 0 1950409828
N 1942406066 24 17 65 0 1950409828
N 1213415012 24 17 65 0 1950409828
N 1688376486 24 17 65 0 1950409828
N 2114664380 24 17 65 0 1950409828
N 999661724 24 17 65 0 1950409828
N 1793329556 24 17 65 0 1950409828
N 445884362 24 17 65 0 1950409828
N 1031980531 24 17 65 0 1950409828
N 721748895 24 17 65 0 1950409828
N 1642534850 24 17 65 0 1950409828
N 1724731843 24 17 65 0 1950409828
N 1305193908 24 17 65 0 1950409828
N 1313953385 24 17 65 0 1950409828
N 399573350 24 17 65 0 1950409828
N 463345942 24 17 65 0 1950409828
N 195600860 24 17 65 0 1950409828
N 1334729950 24 17 65 0 1950409828
N 1347137144 24 17 65 0 1950409828
N 997608398 24 17 65 0 1950409828
N 1973336893 24 17 65 0 1950409828
N 1212899836 24 17 65 0 1950409828
N 1174290147 24 17 65 0 1950409828
N 1289696681 24 17 65 0 1950409828
N 1285044316 24 17 65 0 1950409828
N 1607460018 24 17 65 0 1950409828
N 1811075214 24 17 65 0 1950409828
N 1588970020 24 17 65 0 1950409828
N 1407343478 24 17 65 0 1950409828
N 1940447180 24 17 65 0 1950409828
N 245565335 24 17 65 0 1950409828
N 2121744517 24 17 65 0 1950409828
N 1066376662 24 17 65 0 1950409828
N 183264084 24 17 65 0 1950409828
N 476402209 24 17 65 0 1950409828
N 1490180672 24 17 65 0 1950409828
N 460332449 24 17 65 0 1950409828
N 1919892312 24 17 65 0 1950409828
N 1143839598 24 17 65 0 1950409828
N 250075633 24 17 65 0 1950409828
N 358699161 24 17 65 0 1950409828
N 517938326 24 17 65 0 1950409828
N 914424520 24 17 65 0 1950409828
N 110718392 24 17 65 0 1950409828
N 425918570 24 17 65 0 1950409828
N 2143192188 24 17 65 0 1950409828
N 1100439041 24 17 65 0 1950409828
N 204349222 24 17 65 0 1950409828
N 231685785 24 17 65 0 1950409828
N 114935352 24 17 65 0 1950409828
N 2110121908 24 17 65 0 1950409828
N 32374789 24 17 65 0 1950409828
N 1973538135 24 17 65 0 1950409828
N 1023487453 24 17 65 0 1950409828
N 1865127310 24 17 65 0 1950409828
N 515132998 24 17 65 0 1950409828
N 1694819250 24 17 65 0 1950409828
N 1365202186 24 17 65 0 1950409828
N 1651191114 24 17 65 0 1950409828
N 1586600255 24 17 65 0 1950409828
N 474675244 24 17 65 0 1950409828
N 932583850 24 17 65 0 1950409828
N 212628335 24 17 65 0 1950409828
N 1579572132 24 17 65 0 1950409828
N 359023572 24 17 65 0 1950409828
N 305808283 24 17 65 0 1950409828
N 2111991224 24 17 65 0 1950409828
N 292938459 24 17 65 0 1950409828
N 917142466 24 17 65 0 1950409828
N 1993134103 24 17 65 0 1950409828
N 405662939 24 17 65 0 1950409828
N 653305407 24 17 65 0 1950409828
N 1130478920 24 17 65 0 1950409828
N 1404928347 24 17 65 0 1950409828
N 604107971 24 17 65 0 1950409828
N 123961122 24 17 65 0 1950409828
N 1227229563 24 17 65 0 1950409828
N 1982791261 24 17 65 0 1950409828
N 1562557367 24 17 65 0 1950409828
N 1101288798 24 17 65 0 1950409828
N 942731712 24 17 65 0 1950409828
N 971848845 24 17 65 0 1950409828
N 1910163204 24 17 65 0 1950409828
N 305623748 24 17 65 0 1950409828
N 758529971 24 17 65 0 1950409828
N 2104457164 24 17 65 0 1950409828
N 1521118594 24 17 65 0 1950409828
N 1940030785 24 17 65 0 1950409828
N 1869997857 24 17 65 0 1950409828
N 1763847188 24 17 65 0 1950409828
N 1617791695 24 17 65 0 1950409828
N 125993742 24 17 65 0 1950409828
N 1192108080 24 17 65 0 1950409828
N 1068824137 24 17 65 0 1950409828
N 864237698 24 17 65 0 1950409828
N 537548559 24 17 65 0 1950409828
N 380894366 24 17 65 0 1950409828
N 237852351 24 17 65 0 1950409828
N 608188624 24 17 65 0 1950409828
N 1451270520 24 17 65 0 1950409828
N 1608446010 24 17 65 0 1950409828
N 992136656 24 17 65 0 1950409828
N 511833308 24 17 65 0 1950409828
N 1297685781 24 17 65 0 1950409828
N 1705929636 24 17 65 0 1950409828
N 1221555852 24 17 65 0 1950409828
N 1509514333 24 17 65 0 1950409828
N 1556956098 24 17 65 0 1950409828
N 1252585652 24 17 65 0 1950409828
N 2036368507 24 17 65 0 1950409828
N 1785210046 24 17 65 0 1950409828
N 1552787810 24 17 65 0 1950409828
N 1361960727 24 17 65 0 1950409828
N 739498517 24 17 65 0 1950409828
N 125130493 24 17 65 0 1950409828
N 914504136 24 17 65 0 1950409828
N 166239592 24 17 65 0 1950409828
N 991505714 24 17 65 0 1950409828
N 385242642 24 17 65 0 1950409828
N 824009085 24 17 65 0 1950409828
N 2085857771 24 17 65 0 1950409828
N 248609774 24 17 65 0 1950409828
N 708049632 24 17 65 0 1950409828
N 1887400018 24 17 65 0 1950409828
N 285377351 24 17 65 0 1950409828
N 344560770 24 17 65 0 1950409828
N 559450121 24 17 65 0 1950409828
N 716083600 24 17 65 0 1950409828
N 791885625 24 17 65 0 1950409828
N 2001112025 24 17 65 0 1950409828
N 314265080 24 17 65 0 1950409828
N 1288141870 24 17 65 0 1950409828
N 2054881392 24 17 65 0 1950409828
N 966808741 24 17 65 0 1950409828
N 1908153060 24 17 65 0 1950409828
N 116211441 24 17 65 0 1950409828
N 607635164 24 17 65 0 1950409828
N 529116035 24 17 65 0 1950409828
N 242481580 24 17 65 0 1950409828
N 1627800613 24 17 65 0 1950409828
N 2065530879 24 17 65 0 1950409828
N 697960108 24 17 65 0 1950409828
N 943010986 24 17 65 0 1950409828
N 1807837413 24 17 65 0 1950409828
N 2066940133 24 17 65 0 1950409828
N 48612937 24 17 65 0 1950409828
N 325333723 24 17 65 0 1950409828
N 1937962514 24 17 65 0 1950409828
N 274064559 24 17 65 0 1950409828
N 1018081122 24 17 65 0 1950409828
N 242131142 24 17 65 0 1950409828
N 1782113663 24 17 65 0 1950409828
N 1433867275 24 17 65 0 1950409828
N 476800120 24 17 65 0 1950409828
N 1744347043 24 17 65 0 1950409828
N 1254526270 24 17 65 0 1950409828
N 662441761 24 17 65 0 1950409828
N 1618212626 24 17 65 0 1950409828
N 1129670968 24 17 65 0 1950409828
N 1023714065 24 17 65 0 1950409828
N 2051450519 24 17 65 0 1950409828
N 99747242 24 17 65 0 1950409828
N 1837543557 24 17 65 0 1950409828
N 1971489295 24 17 65 0 1950409828
N 985655350 24 17 65 0 1950409828
N 804611486 24 17 65 0 1950409828
N 2008017533 24 17 65 0 1950409828
N 370988149 24 17 65 0 1950409828
N 1395089624 24 17 65 0 1950409828
N 1476011703 24 17 65 0 1950409828
N 1603195447 24 17 65 0 1950409828
N 792791759 24 17 65 0 1950409828
N 1191747167 24 17 65 0 1950409828
N 1094834071 24 17 65 0 1950409828
N 1761061602 24 17 65 0 1950409828
N 1330106945 24 17 65 0 1950409828
N 1279149968 24 17 65 0 1950409828
N 59559151 24 17 65 0 1950409828
N 1450821318 24 17 65 0 1950409828
N 668849042 24 17 65 0 1950409828
N 434176574 24 17 65 0 1950409828
N 2096057945 24 17 65 0 1950409828
N 1689843956 24 17 65 0 1950409828
N 766572210 24 17 65 0 1950409828
N 1020391880 24 17 65 0 1950409828
N 977993101 24 17 65 0 1950409828
N 429313384 24 17 65 0 1950409828
N 859417998 24 17 65 0 1950409828
N 5592464 24 17 65 0 1950409828
N 1830712962 24 17 65 0 1950409828
N 1112280004 24 17 65 0 1950409828
N 1013423070 24 17 65 0 1950409828
N 380936215 24 17 65 0 1950409828
N 142638629 24 17 65 0 1950409828
N 707806938 24 17 65 0 1950409828
N 705265961 24 17 65 0 1950409828
N 428746855 24 17 65 0 1950409828
N 317983781 24 17 65 0 1950409828
N 987405879 24 17 65 0 1950409828
N 1555845260 24 17 65 0 1950409828
N 874088044 24 17 65 0 1950409828
N 104739310 24 17 65 0 1950409828
N 1761291320 24 17 65 0 1950409828
N 1451043227 24 17 65 0 1950409828
N 783286238 24 17 65 0 1950409828
N 1500056228 24 17 65 0 1950409828
N 1749186397 24 17 65 0 1950409828
N 1464642111 24 17 65 0 1950409828
N 105704967 24 17 65 0 1950409828
N 392292416 24 17 65 0 1950409828
N 1818402158 24 17 65 0 1950409828
N 1590550415 24 17 65 0 1950409828
N 1058025095 24 17 65 0 1950409828
N 665576141 24 17 65 0 1950409828
N 1599771323 24 17 65 0 1950409828
N 1876631416 24 17 65 0 1950409828
N 1359044626 24 17 65 0 1950409828
N 692342133 24 17 65 0 1950409828
N 578866604 24 17 65 0 1950409828
N 353842779 24 17 65 0 1950409828
N 1338823963 24 17 65 0 1950409828
N 1156060786 24 17 65 0 1950409828
N 1612799726 24 17 65 0 1950409828
N 1286084959 24 17 65 0 1950409828
N 1709537756 24 17 65 0 1950409828
N 1639622804 24 17 65 0 1950409828
N 184966243 24 17 65 0 1950409828
N 124313277 24 17 65 0 1950409828
N 1225616405 24 17 65 0 1950409828
N 2101842856 24 17 65 0 1950409828
N 1151020327 24 17 65 0 1950409828
N 88579647 24 17 65 0 1950409828
N 654845766 24 17 65 0 1950409828
N 1712536284 24 17 65 0 1950409828
N 2080166188 24 17 65 0 1950409828
N 1123225098 24 17 65 0 1950409828
N 606548741 24 17 65 0 1950409828
N 1528637575 24 17 65 0 1950409828
N 1190524793 24 17 65 0 1950409828
N 472654579 24 17 65 0 1950409828
N 26117480 24 17 65 0 1950409828
N 870698190 24 17 65 0 1950409828
N 1514322932 24 17 65 0 1950409828
N 654582261 24 17 65 0 1950409828
N 1389647288 24 17 65 0 1950409828
N 1330278544 24 17 65 0 1950409828
N 1634198 24 17 65 0 1950409828
N 110456297 24 17 65 0 1950409828
N 1989972246 24 17 65 0 1950409828
N 1791930789 24 17 65 0 1950409828
N 762152757 24 17 65 0 1950409828
N 12209492 24 17 65 0 1950409828
N 314337396 24 17 65 0 1950409828
N 232824863 24 17 65 0 1950409828
N 1282788025 24 17 65 0 1950409828
N 519569038 24 17 65 0 1950409828
N 1870252780 24 17 65 0 1950409828
N 1729199940 24 17 65 0 1950409828
N 97730845 24 17 65 0 1950409828
N 611437735 24 17 65 0 1950409828
N 100555887 24 17 65 0 1950409828
N 1769597131 24 17 65 0 1950409828
N 1983747920 24 17 65 0 1950409828
N 1543727556 24 17 65 0 1950409828
N 736709391 24 17 65 0 1950409828
N 225493257 24 17 65 0 1950409828
N 401424608 24 17 65 0 1950409828
N 1348949648 24 17 65 0 1950409828
N 834133664 24 17 65 0 1950409828
N 985934102 24 17 65 0 1950409828
N 1205044462 24 17 65 0 1950409828
N 761960786 24 17 65 0 1950409828
N 581374081 24 17 65 0 1950409828
N 959447386 24 17 65 0 1950409828
N 1654589030 24 17 65 0 1950409828
N 466002798 24 17 65 0 1950409828
N 33524623 24 17 65 0 1950409828
N 947679291 24 17 65 0 1950409828
N 575335780 24 17 65 0 1950409828
N 205125520 24 17 65 0 1950409828
N 1911006827 24 17 65 0 1950409828
N 717356484 24 17 65 0 1950409828
N 1595212853 24 17 65 0 1950409828
N 475266352 24 17 65 0 1950409828
N 1355531311 24 17 65 0 1950409828
N 1967205423 24 17 65 0 1950409828
N 42121758 24 17 65 0 1950409828
N 20671747 24 17 65 0 1950409828
N 257895351 24 17 65 0 1950409828
N 1929600551 24 17 65 0 1950409828
N 1690716179 24 17 65 0 1950409828
N 1053782781 24 17 65 0 1950409828
N 1211888640 24 17 65 0 1950409828
N 564160838 24 17 65 0 1950409828
N 2012232625 24 17 65 0 1950409828
N 846063400 24 17 65 0 1950409828
N 627150481 24 17 65 0 1950409828
N 128526626 24 17 65 0 1950409828
N 1911728085 24 17 65 0 1950409828
N 754666084 24 17 65 0 1950409828
N 88558700 24 17 65 0 1950409828
N 1265210847 24 17 65 0 1950409828
N 801197928 24 17 65 0 1950409828
N 1495242910 24 17 65 0 1950409828
N 1711574013 24 17 65 0 1950409828
N 1631862159 24 17 65 0 1950409828
N 1146848448 24 17 65 0 1950409828
N 1638215613 24 17 65 0 1950409828
N 591137559 24 17 65 0 1950409828
N 1674896058 24 17 65 0 1950409828
N 2075203460 24 17 65 0 1950409828
N 866191240 24 17 65 0 1950409828
N 1879492184 24 17 65 0 1950409828
N 872627152 24 17 65 0 1950409828
N 1207769059 24 17 65 0 1950409828
N 2094777811 24 17 65 0 1950409828
N 984213526 24 17 65 0 1950409828
N 400136488 24 17 65 0 1950409828
N 942986815 24 17 65 0 1950409828
N 451111351 24 17 65 0 1950409828
N 1879034789 24 17 65 0 1950409828
N 875827115 24 17 65 0 1950409828
N 716157500 24 17 65 0 1950409828
N 729864207 24 17 65 0 1950409828
N 984849465 24 17 65 0 1950409828
N 787387795 24 17 65 0 1950409828
N 2030562336 24 17 65 0 1950409828
N 1416233903 24 17 65 0 1950409828
N 1914572623 24 17 65 0 1950409828
N 679890578 24 17 65 0 1950409828
N 1856426318 24 17 65 0 1950409828
N 1792393294 24 17 65 0 1950409828
N 1748225580 24 17 65 0 1950409828
N 1918627686 24 17 65 0 1950409828
N 716143810 24 17 65 0 1950409828
N 1849433705 24 17 65 0 1950409828
N 411631404 24 17 65 0 1950409828
N 897913732 24 17 65 0 1950409828
N 1688019098 24 17 65 0 1950409828
N 1792845110 24 17 65 0 1950409828
N 896681694 24 17 65 0 1950409828
N 687241927 24 17 65 0 1950409828
N 627185331 24 17 65 0 1950409828
N 706277948 24 17 65 0 1950409828
N 226170135 24 17 65 0 1950409828
N 381707837 24 17 65 0 1950409828
N 589446616 24 17 65 0 1950409828
N 1321640594 24 17 65 0 1950409828
N 457233904 24 17 65 0 1950409828
N 245672235 24 17 65 0 1950409828
N 1012570586 24 17 65 0 1950409828
N 1207140081 24 17 65 0 1950409828
N 1510067370 24 17 65 0 1950409828
N 1908923184 24 17 65 0 1950409828
N 431687835 24 17 65 0 1950409828
N 1164175787 24 17 65 0 1950409828
N 290658609 24 17 65 0 1950409828
N 1577213552 24 17 65 0 1950409828
N 532445947 24 17 65 0 1950409828
N 1170794006 24 17 65 0 1950409828
N 1289479439 24 17 65 0 1950409828
N 6738746 24 17 65 0 1950409828
N 2096171631 24 17 65 0 1950409828
N 2114694065 24 17 65 0 1950409828
N 1844169442 24 17 65 0 1950409828
N 1537358694 24 17 65 0 1950409828
N 804581391 24 17 65 0 1950409828
N 209813603 24 17 65 0 1950409828
N 1057941451 24 17 65 0 1950409828
N 1975358023 24 17 65 0 1950409828
N 2101440631 24 17 65 0 1950409828
N 2109957412 24 17 65 0 1950409828
N 901506536 24 17 65 0 1950409828
N 747464370 24 17 65 0 1950409828
N 1513712028 24 17 65 0 1950409828
N 1018547642 24 17 65 0 1950409828
N 1456208737 24 17 65 0 1950409828
N 288665596 24 17 65 0 1950409828
N 13648335 24 17 65 0 1950409828
N 312116338 24 17 65 0 1950409828
N 453211571 24 17 65 0 1950409828
N 796684896 24 17 65 0 1950409828
N 757108857 24 17 65 0 1950409828
N 1809787067 24 17 65 0 1950409828
N 1802598046 24 17 65 0 1950409828
N 659748578 24 17 65 0 1950409828
N 240650537 24 17 65 0 1950409828
N 483422889 24 17 65 0 1950409828
N 2088051243 24 17 65 0 1950409828
N 1277181601 24 17 65 0 1950409828
N 41903949 24 17 65 0 1950409828
N 488970385 24 17 65 0 1950409828
N 1209271652 24 17 65 0 1950409828
N 93122545 24 17 65 0 1950409828
N 2083562754 24 17 65 0 1950409828
N 1239731077 24 17 65 0 1950409828
N 557041912 24 17 65 0 1950409828
N 1134712904 24 17 65 0 1950409828
N 985922955 24 17 65 0 1950409828
N 1435804085 24 17 65 0 1950409828
N 1784662007 24 17 65 0 1950409828
N 997110508 24 17 65 0 1950409828
N 509886383 24 17 65 0 1950409828
N 1854778591 24 17 65 0 1950409828
N 2054798982 24 17 65 0 1950409828
N 885951223 24 17 65 0 1950409828
N 191382150 24 17 65 0 1950409828
N 142666848 24 17 65 0 1950409828
N 1060830840 24 17 65 0 1950409828
N 2137211482 24 17 65 0 1950409828
N 920011586 24 17 65 0 1950409828
N 968514068 24 17 65 0 1950409828
N 1360767589 24 17 65 0 1950409828
N 873415566 24 17 65 0 1950409828
N 818403870 24 17 65 0 1950409828
N 1531333864 24 17 65 0 1950409828
N 1468177767 24 17 65 0 1950409828
N 434091818 24 17 65 0 1950409828
N 398887205 24 17 65 0 1950409828
N 2114889273 24 17 65 0 1950409828
N 1025799482 24 17 65 0 1950409828
N 1504109395 24 17 65 0 1950409828
N 2047526627 24 17 65 0 1950409828
N 1908316405 24 17 65 0 1950409828
N 1873653341 24 17 65 0 1950409828
N 25126016 24 17 65 0 1950409828
N 762218386 24 17 65 0 1950409828
N 672320506 24 17 65 0 1950409828
N 718231523 24 17 65 0 1950409828
N 1349414238 24 17 65 0 1950409828
N 157627094 24 17 65 0 1950409828
N 932607259 24 17 65 0 1950409828
N 1740000325 24 17 65 0 1950409828
N 1142020464 24 17 65 0 1950409828
N 1682092198 24 17 65 0 1950409828
N 1626877848 24 17 65 0 1950409828
N 905544614 24 17 65 0 1950409828
N 2137589296 24 17 65 0 1950409828
N 249515771 24 17 65 0 1950409828
N 796533847 24 17 65 0 1950409828
N 1449621165 24 17 65 0 1950409828
N 1627960023 24 17 65 0 1950409828
N 357863579 24 17 65 0 1950409828
N 1811044090 24 17 65 0 1950409828
N 114132791 24 17 65 0 1950409828
N 586617651 24 17 65 0 1950409828
N 328638398 24 17 65 0 1950409828
N 1789550256 24 17 65 0 1950409828
N 3447021 24 17 65 0 1950409828
N 440434003 24 17 65 0 1950409828
N 1032616650 24 17 65 0 1950409828
N 99347477 24 17 65 0 1950409828
N 566034357 24 17 65 0 1950409828
N 940553268 24 17 65 0 1950409828
N 1720435669 24 17 65 0 1950409828
N 1020923989 24 17 65 0 1950409828
N 2052915500 24 17 65 0 1950409828
N 1068934215 24 17 65 0 1950409828
N 127618319 24 17 65 0 1950409828
N 1798286609 24 17 65 0 1950409828
N 2036958521 24 17 65 0 1950409828
N 1945604815 24 17 65 0 1950409828
N 785992331 24 17 65 0 1950409828
N 940060004 24 17 65 0 1950409828
N 234698513 24 17 65 0 1950409828
N 1121172875 24 17 65 0 1950409828
N 649734728 24 17 65 0 1950409828
N 1595953398 24 17 65 0 1950409828
N 998351292 24 17 65 0 1950409828
N 1684106402 24 17 65 0 1950409828
N 335471116 24 17 65 0 1950409828
N 1308927845 24 17 65 0 1950409828
N 2017354584 24 17 65 0 1950409828
N 391447681 24 17 65 0 1950409828
N 1935637221 24 17 65 0 1950409828
N 403424356 24 17 65 0 1950409828
N 321142942 24 17 65 0 1950409828
N 745160567 24 17 65 0 1950409828
N 610984013 24 17 65 0 1950409828
N 1644443712 24 17 65 0 1950409828
N 1393931310 24 17 65 0 1950409828
N 788117692 24 17 65 0 1950409828
N 1566723494 24 17 65 0 1950409828
N 510113906 24 17 65 0 1950409828
N 1622006612 24 17 65 0 1950409828
N 66233253 24 17 65 0 1950409828
N 1286783232 24 17 65 0 1950409828
N 1874154700 24 17 65 0 1950409828
N 1632392469 24 17 65 0 1950409828
N 2008362258 24 17 65 0 1950409828
N 760563749 24 17 65 0 1950409828
N 1753447031 24 17 65 0 1950409828
N 1810132623 24 17 65 0 1950409828
N 895947612 24 17 65 0 1950409828
N 846492085 24 17 65 0 1950409828
N 1096283470 24 17 65 0 1950409828
N 152005629 24 17 65 0 1950409828
N 75457651 24 17 65 0 1950409828
N 362239120 24 17 65 0 1950409828
N 1796488937 24 17 65 0 1950409828
N 423031029 24 17 65 0 1950409828
N 1712669532 24 17 65 0 1950409828
N 1225373914 24 17 65 0 1950409828
N 60830820 24 17 65 0 1950409828
N 759156157 24 17 65 0 1950409828
N 1635546341 24 17 65 0 1950409828
N 1698156408 24 17 65 0 1950409828
N 1740035246 24 17 65 0 1950409828
N 884457408 24 17 65 0 1950409828
N 913190639 24 17 65 0 1950409828
N 1845066581 24 17 65 0 1950409828
N 1018937824 24 17 65 0 1950409828
N 905654280 24 17 65 0 1950409828
N 1915058446 24 17 65 0 1950409828
N 1419810764 24 17 65 0 1950409828
N 922151033 24 17 65 0 1950409828
N 1516369375 24 17 65 0 1950409828
N 55909012 24 17 65 0 1950409828
N 1394336709 24 17 65 0 1950409828
N 1387228415 24 17 65 0 1950409828
N 120960120 24 17 65 0 1950409828
N 748658608 24 17 65 0 1950409828
N 546718765 24 17 65 0 1950409828
N 167185492 24 17 65 0 1950409828
N 592179046 24 17 65 0 1950409828
N 1937348256 24 17 65 0 1950409828
N 1641808846 24 17 65 0 1950409828
N 1358444045 24 17 65 0 1950409828
N 750044075 24 17 65 0 1950409828
N 331844619 24 17 65 0 1950409828
N 310656974 24 17 65 0 1950409828
N 64830413 24 17 65 0 1950409828
N 159259014 24 17 65 0 1950409828
N 653687670 24 17 65 0 1950409828
N 356473385 24 17 65 0 1950409828
N 2136344592 24 17 65 0 1950409828
N 110992469 24 17 65 0 1950409828
N 329611835 24 17 65 0 1950409828
N 2091156596 24 17 65 0 1950409828
N 863831416 24 17 65 0 1950409828
N 1508395126 24 17 65 0 1950409828
N 1638172114 24 17 65 0 1950409828
N 972765878 24 17 65 0 1950409828
N 1651945012 24 17 65 0 1950409828
N 2034688500 24 17 65 0 1950409828
N 1007251739 24 17 65 0 1950409828
N 1556595366 24 17 65 0 1950409828
N 194494468 24 17 65 0 1950409828
N 1167116739 24 17 65 0 1950409828
N 853993923 24 17 65 0 1950409828
N 1347870667 24 17 65 0 1950409828
N 1702146597 24 17 65 0 1950409828
N 644460953 24 17 65 0 1950409828
N 591723622 24 17 65 0 1950409828
N 1166726978 24 17 65 0 1950409828
N 95395916 24 17 65 0 1950409828
N 1856056345 24 17 65 0 1950409828
N 1778535015 24 17 65 0 1950409828
N 2032251042 24 17 65 0 1950409828
N 24433162 24 17 65 0 1950409828
N 1725097945 24 17 65 0 1950409828
N 519821334 24 17 65 0 1950409828
N 1781256139 24 17 65 0 1950409828
N 1307096070 24 17 65 0 1950409828
N 1014328909 24 17 65 0 1950409828
N 2081303229 24 17 65 0 1950409828
N 1223685984 24 17 65 0 1950409828
N 1076835071 24 17 65 0 1950409828
N 1463757745 24 17 65 0 1950409828
N 1525262377 24 17 65 0 1950409828
N 1837760739 24 17 65 0 1950409828
N 1418428263 24 17 65 0 1950409828
N 2059904228 24 17 65 0 1950409828
N 1836643189 24 17 65 0 1950409828
N 1355316001 24 17 65 0 1950409828
N 1597462040 24 17 65 0 1950409828
N 403716510 24 17 65 0 1950409828
N 853119666 24 17 65 0 1950409828
N 559670971 24 17 65 0 1950409828
N 1144648478 24 17 65 0 1950409828
N 1576861390 24 17 65 0 1950409828
N 600746945 24 17 65 0 1950409828
N 1566502717 24 17 65 0 1950409828
N 1458849419 24 17 65 0 1950409828
N 1824835605 24 17 65 0 1950409828
N 981661423 24 17 65 0 1950409828
N 269468037 24 17 65 0 1950409828
N 1681595665 24 17 65 0 1950409828
N 787867107 24 17 65 0 1950409828
N 57494364 24 17 65 0 1950409828
N 1828757853 24 17 65 0 1950409828
N 1374677625 24 17 65 0 1950409828
N 1345636186 24 17 65 0 1950409828
N 963269035 24 17 65 0 1950409828
N 1359484306 24 17 65 0 1950409828
N 2140832232 24 17 65 0 1950409828
N 157456214 24 17 65 0 1950409828
N 1659791576 24 17 65 0 1950409828
N 1935365522 24 17 65 0 1950409828
N 1483022288 24 17 65 0 1950409828
N 1159785389 24 17 65 0 1950409828
N 1410986873 24 17 65 0 1950409828
N 2110245805 24 17 65 0 1950409828
N 221036634 24 17 65 0 1950409828
N 1335050193 24 17 65 0 1950409828
N 1418370913 24 17 65 0 1950409828
N 391359742 24 17 65 0 1950409828
N 2081853534 24 17 65 0 1950409828
N 707610042 24 17 65 0 1950409828
N 710714889 24 17 65 0 1950409828
N 551734240 24 17 65 0 1950409828
N 1757293506 24 17 65 0 1950409828
N 687780858 24 17 65 0 1950409828
N 1734161410 24 17 65 0 1950409828
N 1364614850 24 17 65 0 1950409828
N 1211076369 24 17 65 0 1950409828
N 361993357 24 17 65 0 1950409828
N 459296537 24 17 65 0 1950409828
N 2015601401 24 17 65 0 1950409828
N 1287712235 24 17 65 0 1950409828
N 1165897474 24 17 65 0 1950409828
N 1551870003 24 17 65 0 1950409828
N 967765295 24 17 65 0 1950409828
N 1917513796 24 17 65 0 1950409828
N 1182320432 24 17 65 0 1950409828
N 1734853116 24 17 65 0 1950409828
N 703504298 24 17 65 0 1950409828
N 201556483 24 17 65 0 1950409828
N 214074868 24 17 65 0 1950409828
N 1442045361 24 17 65 0 1950409828
N 146611050 24 17 65 0 1950409828
N 415138788 24 17 65 0 1950409828
N 13326370 24 17 65 0 1950409828
N 1268650975 24 17 65 0 1950409828
N 731395981 24 17 65 0 1950409828
N 1196765369 24 17 65 0 1950409828
N 486898233 24 17 65 0 1950409828
N 650023597 24 17 65 0 1950409828
N 1282473384 24 17 65 0 1950409828
N 575593575 24 17 65 0 1950409828
N 346861221 24 17 65 0 1950409828
N 1188392295 24 17 65 0 1950409828
N 226710952 24 17 65 0 1950409828
N 1509563803 24 17 65 0 1950409828
N 684874119 24 17 65 0 1950409828
N 1157740463 24 17 65 0 1950409828
N 1379435698 24 17 65 0 1950409828
N 1529306539 24 17 65 0 1950409828
N 1635985705 24 17 65 0 1950409828
N 695682681 24 17 65 0 1950409828
N 1073502961 24 17 65 0 1950409828
N 1582797472 24 17 65 0 1950409828
N 644166178 24 17 65 0 1950409828
N 892529689 24 17 65 0 1950409828
N 1757676444 24 17 65 0 1950409828
N 182738614 24 17 65 0 1950409828
N 94345706 24 17 65 0 1950409828
N 670035812 24 17 65 0 1950409828
N 1870647526 24 17 65 0 1950409828
N 1204167249 24 17 65 0 1950409828
N 1047503754 24 17 65 0 1950409828
N 1722023916 24 17 65 0 1950409828
N 2009787198 24 17 65 0 1950409828
N 32017212 24 17 65 0 1950409828
N 1121454968 24 17 65 0 1950409828
N 1006485584 24 17 65 0 1950409828
N 466505482 24 17 65 0 1950409828
N 1580893732 24 17 65 0 1950409828
N 1547425104 24 17 65 0 1950409828
N 152134087 24 17 65 0 1950409828
N 1615780336 24 17 65 0 1950409828
N 1783593083 24 17 65 0 1950409828
N 1750905143 24 17 65 0 1950409828
N 1782704802 24 17 65 0 1950409828
N 2094411587 24 17 65 0 1950409828
N 1833638914 24 17 65 0 1950409828
N 1620303253 24 17 65 0 1950409828
N 90320863 24 17 65 0 1950409828
N 1216590855 24 17 65 0 1950409828
N 2107447833 24 17 65 0 1950409828
N 60559178 24 17 65 0 1950409828
N 395629617 24 17 65 0 1950409828
N 1122134344 24 17 65 0 1950409828
N 1471868639 24 17 65 0 1950409828
N 876563773 24 17 65 0 1950409828
N 87765719 24 17 65 0 1950409828
N 1413653265 24 17 65 0 1950409828
N 1418621776 24 17 65 0 1950409828
N 446073433 24 17 65 0 1950409828
N 1181199958 24 17 65 0 1950409828
N 125622176 24 17 65 0 1950409828
N 542060780 24 17 65 0 1950409828
N 237351678 24 17 65 0 1950409828
N 1967892594 24 17 65 0 1950409828
N 342597804 24 17 65 0 1950409828
N 1308244637 24 17 65 0 1950409828
N 1860944798 24 17 65 0 1950409828
N 1179381257 24 17 65 0 1950409828
N 258754732 24 17 65 0 1950409828
N 333362446 24 17 65 0 1950409828
N 597255128 24 17 65 0 1950409828
N 985397764 24 17 65 0 1950409828
N 1476394199 24 17 65 0 1950409828
N 837764579 24 17 65 0 1950409828
N 1501587365 24 17 65 0 1950409828
N 1007603019 24 17 65 0 1950409828
N 348100441 24 17 65 0 1950409828
N 1597249648 24 17 65 0 1950409828
N 89387388 24 17 65 0 1950409828
N 1333592072 24 17 65 0 1950409828
N 655381473 24 17 65 0 1950409828
N 1486371051 24 17 65 0 1950409828
N 1121647253 24 17 65 0 1950409828
N 1694556038 24 17 65 0 1950409828
N 1076496284 24 17 65 0 1950409828
N 1508646930 24 17 65 0 1950409828
N 1291286504 24 17 65 0 1950409828
N 795372831 24 17 65 0 1950409828
N 1072601481 24 17 65 0 1950409828
N 121295574 24 17 65 0 1950409828
N 1887813102 24 17 65 0 1950409828
N 485041780 24 17 65 0 1950409828
N 1459672753 24 17 65 0 1950409828
N 117244645 24 17 65 0 1950409828
N 1540011289 24 17 65 0 1950409828
N 239465106 24 17 65 0 1950409828
N 1596000437 24 17 65 0 1950409828
N 832947102 24 17 65 0 1950409828
N 1061804750 24 17 65 0 1950409828
N 507084503 24 17 65 0 1950409828
N 1225439493 24 17 65 0 1950409828
N 1454127753 24 17 65 0 1950409828
N 667026744 24 17 65 0 1950409828
N 1926764753 24 17 65 0 1950409828
N 1845904670 24 17 65 0 1950409828
N 1497973285 24 17 65 0 1950409828
N 1846896625 24 17 65 0 1950409828
N 1555690610 24 17 65 0 1950409828
N 13329486 24 17 65 0 1950409828
N 327177752 24 17 65 0 1950409828
N 1458540918 24 17 65 0 1950409828
N 1164371389 24 17 65 0 1950409828
N 517210187 24 17 65 0 1950409828
N 267760927 24 17 65 0 1950409828
N 633070006 24 17 65 0 1950409828
N 1459794865 24 17 65 0 1950409828
N 1776957250 24 17 65 0 1950409828
N 1268066861 24 17 65 0 1950409828
N 827966648 24 17 65 0 1950409828
N 1938056729 24 17 65 0 1950409828
N 1273765644 24 17 65 0 1950409828
N 701141022 24 17 65 0 1950409828
N 1447689627 24 17 65 0 1950409828
N 112061925 24 17 65 0 1950409828
N 764577347 24 17 65 0 1950409828
N 1344645519 24 17 65 0 1950409828
N 1234776885 24 17 65 0 1950409828
N 540159270 24 17 65 0 1950409828
N 422250493 24 17 65 0 1950409828
N 1690287238 24 17 65 0 1950409828
N 1690254271 24 17 65 0 1950409828
N 1440047379 24 17 65 0 1950409828
N 343965883 24 17 65 0 1950409828
N 230835489 24 17 65 0 1950409828
N 280884709 24 17 65 0 1950409828
N 1847509784 24 17 65 0 1950409828
N 2114650936 24 17 65 0 1950409828
N 1635756693 24 17 65 0 1950409828
N 504527234 24 17 65 0 1950409828
N 101478235 24 17 65 0 1950409828
N 540585569 24 17 65 0 1950409828
N 1007653873 24 17 65 0 1950409828
N 836514715 24 17 65 0 1950409828
N 1414521932 24 17 65 0 1950409828
N 828441346 24 17 65 0 1950409828
N 1899073220 24 17 65 0 1950409828
N 555826066 24 17 65 0 1950409828
N 174573182 24 17 65 0 1950409828
N 858242339 24 17 65 0 1950409828
N 1310540333 24 17 65 0 1950409828
N 1715998167 24 17 65 0 1950409828
N 1386767190 24 17 65 0 1950409828
N 1558712965 24 17 65 0 1950409828
N 2025864991 24 17 65 0 1950409828
N 1589683045 24 17 65 0 1950409828
N 1340328248 24 17 65 0 1950409828
N 1401132667 24 17 65 0 1950409828
N 717386707 24 17 65 0 1950409828
N 1900164709 24 17 65 0 1950409828
N 540642172 24 17 65 0 1950409828
N 1875308878 24 17 65 0 1950409828
N 1445157774 24 17 65 0 1950409828
N 909295153 24 17 65 0 1950409828
N 1522311648 24 17 65 0 1950409828
N 36202360 24 17 65 0 1950409828
N 1318822808 24 17 65 0 1950409828
N 1836797772 24 17 65 0 1950409828
N 1383547042 24 17 65 0 1950409828
N 329645619 24 17 65 0 1950409828
N 3213500 24 17 65 0 1950409828
N 923219673 24 17 65 0 1950409828
N 1604125387 24 17 65 0 1950409828
N 1668627309 24 17 65 0 1950409828
N 1795799895 24 17 65 0 1950409828
N 1698097425 24 17 65 0 1950409828
N 1376400422 24 17 65 0 1950409828
N 418304857 24 17 65 0 1950409828
N 1050349584 24 17 65 0 1950409828
N 1815546035 24 17 65 0 1950409828
N 1864350231 24 17 65 0 1950409828
N 25548982 24 17 65 0 1950409828
N 1735934726 24 17 65 0 1950409828
N 861842890 24 17 65 0 1950409828
N 553871028 24 17 65 0 1950409828
N 250370634 24 17 65 0 1950409828
N 724125922 24 17 65 0 1950409828
N 1843368112 24 17 65 0 1950409828
N 1465085305 24 17 65 0 1950409828
N 989938643 24 17 65 0 1950409828
N 1519280649 24 17 65 0 1950409828
N 1262822392 24 17 65 0 1950409828
N 120694604 24 17 65 0 1950409828
N 916419490 24 17 65 0 1950409828
N 522764626 24 17 65 0 1950409828
N 2106620844 24 17 65 0 1950409828
N 2006034581 24 17 65 0 1950409828
N 979294118 24 17 65 0 1950409828
N 1663411182 24 17 65 0 1950409828
N 488044861 24 17 65 0 1950409828
N 1740189450 24 17 65 0 1950409828
N 731260860 24 17 65 0 1950409828
N 1709366259 24 17 65 0 1950409828
N 1335298403 24 17 65 0 1950409828
N 1643691748 24 17 65 0 1950409828
N 2068434592 24 17 65 0 1950409828
N 143110009 24 17 65 0 1950409828
N 2142003995 24 17 65 0 1950409828
N 1535634836 24 17 65 0 1950409828
N 1846412426 24 17 65 0 1950409828
N 1539805781 24 17 65 0 1950409828
N 1206883981 24 17 65 0 1950409828
N 601893033 24 17 65 0 1950409828
N 1037324811 24 17 65 0 1950409828
N 1525037790 24 17 65 0 1950409828
N 1627821297 24 17 65 0 1950409828
N 1132547352 24 17 65 0 1950409828
N 1549409129 24 17 65 0 1950409828
N 922872566 24 17 65 0 1950409828
N 1651855867 24 17 65 0 1950409828
N 727001376 24 17 65 0 1950409828
N 660143728 24 17 65 0 1950409828
N 523691575 24 17 65 0 1950409828
N 1468303011 24 17 65 0 1950409828
N 1427810650 24 17 65 0 1950409828
N 902919927 24 17 65 0 1950409828
N 503195940 24 17 65 0 1950409828
N 1857815974 24 17 65 0 1950409828
N 1852584274 24 17 65 0 1950409828
N 1354011814 24 17 65 0 1950409828
N 1022308509 24 17 65 0 1950409828
N 846238611 24 17 65 0 1950409828
N 1033490990 24 17 65 0 1950409828
N 1241276575 24 17 65 0 1950409828
N 215145189 24 17 65 0 1950409828
N 982007015 24 17 65 0 1950409828
N 1232306490 24 17 65 0 1950409828
N 1663166483 24 17 65 0 1950409828
N 2042495840 24 17 65 0 1950409828
N 36333492 24 17 65 0 1950409828
N 1468357786 24 17 65 0 1950409828
N 990398217 24 17 65 0 1950409828
N 841283083 24 17 65 0 1950409828
N 1675763772 24 17 65 0 1950409828
N 520016214 24 17 65 0 1950409828
N 1731722639 24 17 65 0 1950409828
N 1924582348 24 17 65 0 1950409828
N 11003494 24 17 65 0 1950409828
N 1757143877 24 17 65 0 1950409828
N 817406040 24 17 65 0 1950409828
N 1955915048 24 17 65 0 1950409828
N 1270855946 24 17 65 0 1950409828
N 2083117811 24 17 65 0 1950409828
N 157683534 24 17 65 0 1950409828
N 1518864111 24 17 65 0 1950409828
N 1816757085 24 17 65 0 1950409828
N 1585787493 24 17 65 0 1950409828
N 1730173572 24 17 65 0 1950409828
N 2097514481 24 17 65 0 1950409828
N 1568059495 24 17 65 0 1950409828
N 706197430 24 17 65 0 1950409828
N 1325808650 24 17 65 0 1950409828
N 510464020 24 17 65 0 1950409828
N 1987083830 24 17 65 0 1950409828
N 1632492873 24 17 65 0 1950409828
N 525683462 24 17 65 0 1950409828
N 1766724936 24 17 65 0 1950409828
N 473581465 24 17 65 0 1950409828
N 319977154 24 17 65 0 1950409828
N 648680157 24 17 65 0 1950409828
N 1071097621 24 17 65 0 1950409828
N 1897871865 24 17 65 0 1950409828
N 1908143486 24 17 65 0 1950409828
N 133250414 24 17 65 0 1950409828
N 85777802 24 17 65 0 1950409828
N 222624801 24 17 65 0 1950409828
N 603650290 24 17 65 0 1950409828
N 762227630 24 17 65 0 1950409828
N 1316864772 24 17 65 0 1950409828
N 1685232414 24 17 65 0 1950409828
N 280744458 24 17 65 0 1950409828
N 1213216872 24 17 65 0 1950409828
N 1754638213 24 17 65 0 1950409828
N 407858146 24 17 65 0 1950409828
N 1454031203 24 17 65 0 1950409828
N 527446182 24 17 65 0 1950409828
N 1511785794 24 17 65 0 1950409828
N 963601816 24 17 65 0 1950409828
N 961419791 24 17 65 0 1950409828
N 665188480 24 17 65 0 1950409828
N 489279267 24 17 65 0 1950409828
N 1596467899 24 17 65 0 1950409828
N 377478451 24 17 65 0 1950409828
N 513169028 24 17 65 0 1950409828
N 1301664418 24 17 65 0 1950409828
N 1408652377 24 17 65 0 1950409828
N 990416209 24 17 65 0 1950409828
N 394714818 24 17 65 0 1950409828
N 1952779858 24 17 65 0 1950409828
N 366004251 24 17 65 0 1950409828
N 1791868405 24 17 65 0 1950409828
N 1260134048 24 17 65 0 1950409828
N 391618063 24 17 65 0 1950409828
N 81009902 24 17 65 0 1950409828
N 57748372 24 17 65 0 1950409828
N 674483268 24 17 65 0 1950409828
N 54495403 24 17 65 0 1950409828
N 665372494 24 17 65 0 1950409828
N 764372388 24 17 65 0 1950409828
N 459857341 24 17 65 0 1950409828
N 1684890795 24 17 65 0 1950409828
N 94264799 24 17 65 0 1950409828
N 1399499405 24 17 65 0 1950409828
N 238157928 24 17 65 0 1950409828
N 32863545 24 17 65 0 1950409828
N 1995616381 24 17 65 0 1950409828
N 1883919084 24 17 65 0 1950409828
N 1860513229 24 17 65 0 1950409828
N 1150538133 24 17 65 0 1950409828
N 662822946 24 17 65 0 1950409828
N 92150540 24 17 65 0 1950409828
N 1110623531 24 17 65 0 1950409828
N 410495873 24 17 65 0 1950409828
E 73 1950409828
M 83 885851948 1950409828
E 83 1950409828
M 83 1742565238 1763352061
E 83 1763352061
M 83 1831142406 1763352061
E 83 1763352061
M 2 87285178 87285178
