M 33 0 1283928880
M 21 0 1283928880
U 0 914504136 2 1283928880
E 21 1283928880
U 0 99747242 4 1283928880
N 1837543557 24 2 55 0 1283928880
E 33 1283928880
D 1837543557 1283928880 4
M 25 0 1283928880
M 21 0 1283928880
U 0 914504136 2 1283928880
E 21 1283928880
M 27 0 1283928880
M 55 1689843956 1283928880
W 1689843956 4 1283928880
E 55 1283928880
M 56 1689843956 1283928880
W 1689843956 4 1283928880
N 766572210 32 4 75 0 1283928880
E 56 1283928880
M 57 1689843956 1283928880
W 1689843956 4 1283928880
E 57 1283928880
M 60 977993101 1283928880
W 977993101 6 1283928880
W 766572210 7 1283928880
E 60 1283928880
D 766572210 1283928880 16
M 62 380936215 1283928880
W 380936215 8 1283928880
E 62 1283928880
M 67 142638629 1283928880
M 67 142638629 1283928880
W 142638629 9 1283928880
W 380936215 8 1283928880
M 104 1123225098 1283928880
U 1123225098 606548741 7 1283928880
E 104 1283928880
M 78 1528637575 1283928880
M 74 1528637575 1283928880
E 74 1283928880
W 1528637575 11 1283928880
M 85 1190524793 1283928880
M 74 1190524793 1283928880
E 74 1283928880
M 88 1190524793 1283928880
W 1190524793 12 1283928880
M 89 1190524793 1283928880
W 1190524793 12 1283928880
W 1190524793 12 1283928880
M 109 1123225098 1283928880
N 870698190 24 15 93 0 1283928880
E 109 1283928880
W 1190524793 12 1283928880
E 89 1283928880
E 88 1283928880
M 114 870698190 1283928880
M 74 870698190 1283928880
E 74 1283928880
W 870698190 16 1283928880
W 870698190 16 1283928880
M 111 1123225098 1283928880
E 111 1283928880
W 870698190 16 1283928880
E 114 1283928880
D 870698190 1283928880 40
E 85 1283928880
E 78 1283928880
W 380936215 8 1283928880
W 142638629 9 1283928880
M 73 1528637575 1283928880
E 73 1283928880
N 1389647288 40 9 76 0 1283928880
E 67 1283928880
D 1389647288 1283928880 45
E 67 1283928880
E 27 1283928880
U 0 110456297 3 1283928880
M 29 0 1283928880
E 29 1283928880
M 32 0 1283928880
M 152 0 1283928880
M 155 0 1283928880
E 155 1283928880
A 97730845 24 21 123 1 1283928880
E 152 1283928880
D 97730845 1283928880 54
M 31 0 1283928880
E 31 1283928880
M 155 0 1283928880
E 155 1283928880
E 32 1283928880
E 25 1283928880
M 28 0 1283928880
E 28 1283928880
M 155 0 1283928880
E 155 1283928880
M 30 0 1283928880
E 30 1283928880
M 143 0 1283928880
E 143 1283928880
M 159 1688019098 1283928880
W 1688019098 23 1283928880
E 159 1283928880
M 163 1688019098 1283928880
W 1688019098 23 1283928880
M 160 1688019098 1283928880
W 1688019098 23 1283928880
E 160 1283928880
E 163 1283928880
M 159 1688019098 1283928880
W 1688019098 23 1283928880
E 159 1283928880
M 159 342284857 446768837
W 342284857 23 446768837
E 159 446768837
M 163 342284857 446768837
W 342284857 23 446768837
M 160 342284857 446768837
W 342284857 23 446768837
E 160 446768837
E 163 446768837
M 159 342284857 446768837
W 342284857 23 446768837
E 159 446768837
M 159 513716553 446768837
W 513716553 23 446768837
E 159 446768837
M 163 513716553 446768837
W 513716553 23 446768837
M 2 233530418 233530418
M 160 513716553 446768837
W 513716553 23 446768837
E 160 446768837
E 163 446768837
