D 100555887 1950409828 2042960
D 1006485584 1950409828 2042960
D 1007251739 1950409828 2042960
D 1007603019 1950409828 2042960
D 1007653873 1950409828 2042960
D 1012570586 1950409828 2042960
D 1013423070 1950409828 2042960
D 1014328909 1950409828 2042960
D 101478235 1950409828 2042960
D 1018081122 1950409828 2042960
D 1018298342 1950409828 2042960
D 1018547642 1950409828 2042960
D 1018937824 1950409828 2042960
D 1020391880 1950409828 2042960
D 1020923989 1950409828 2042960
D 1022308509 1950409828 2042960
D 1023714065 1950409828 2042960
D 1025799482 1950409828 2042960
D 1032616650 1950409828 2042960
D 1032986144 1950409828 2042960
D 1033490990 1950409828 2042960
D 1037324811 1950409828 2042960
D 103887628 1950409828 2042960
D 1039949752 1950409828 2042960
D 1045941616 1950409828 2042960
D 104739310 1950409828 2042960
D 1047503754 1950409828 2042960
D 1050349584 1950409828 2042960
D 1053631449 1950409828 2042960
D 1053782781 1950409828 2042960
D 105704967 1950409828 2042960
D 1057941451 1950409828 2042960
D 1058025095 1950409828 2042960
D 1060830840 1950409828 2042960
D 1061804750 1950409828 2042960
D 1068824137 1950409828 383
D 1068934215 1950409828 2042960
D 1071097621 1950409828 2042960
D 1072601481 1950409828 2042960
D 1073502961 1950409828 2042960
D 1076496284 1950409828 2042960
D 1076835071 1950409828 2042960
D 1094834071 1950409828 2042960
D 1096283470 1950409828 2042960
D 11003494 1950409828 2042960
D 1101288798 1950409828 176
D 110431793 1950409828 2042960
D 110456297 1950409828 2042960
D 110771485 1950409828 2042960
D 110992469 1950409828 2042960
D 1110623531 1950409828 2042960
D 1112280004 1950409828 2042960
D 112061925 1950409828 2042960
D 1121172875 1950409828 2042960
D 1121453612 1950409828 2042960
D 1121454968 1950409828 2042960
D 1121647253 1950409828 2042960
D 1122134344 1950409828 2042960
D 1122805102 1950409828 2042960
D 1123225098 1950409828 2042960
D 1123629720 1950409828 2042960
D 1129670968 1950409828 2042960
D 1131316523 1950409828 2042960
D 1131645570 1950409828 2042960
D 1132547352 1950409828 2042960
D 1134712904 1950409828 2042960
D 1136497418 1950409828 2042960
D 114132791 1950409828 2042960
D 1142020464 1950409828 2042960
D 1144648478 1950409828 2042960
D 1146848448 1950409828 2042960
D 1150538133 1950409828 2042960
D 1151020327 1950409828 2042960
D 1154002927 1950409828 2042960
D 1156060786 1950409828 2042960
D 1157740463 1950409828 2042960
D 1159785389 1950409828 2042960
D 116211441 1950409828 2042960
D 1164175787 1950409828 2042960
D 1164371389 1950409828 2042960
D 1165897474 1950409828 2042960
D 1166151249 1950409828 2042960
D 1166726978 1950409828 2042960
D 1166807841 1950409828 2042960
D 1167116739 1950409828 2042960
D 1170794006 1950409828 2042960
D 117244645 1950409828 2042960
D 1177377518 1950409828 2042960
D 1179381257 1950409828 2042960
D 1181199958 1950409828 2042960
D 1181869371 1950409828 2042960
D 1182320432 1950409828 2042960
D 1182461167 1950409828 2042960
D 1188392295 1950409828 2042960
D 1188753216 1950409828 2042960
D 1190524793 1950409828 2042960
D 1191747167 1950409828 2042960
D 1196765369 1950409828 2042960
D 1204167249 1950409828 2042960
D 1205044462 1950409828 2042960
D 1206883981 1950409828 2042960
D 120694604 1950409828 2042960
D 1207140081 1950409828 2042960
D 1207769059 1950409828 2042960
D 1208736537 1950409828 2042960
D 1209271652 1950409828 2042960
D 120960120 1950409828 2042960
D 1211076369 1950409828 2042960
D 1211888640 1950409828 2042960
D 121295574 1950409828 2042960
D 1213216872 1950409828 2042960
D 1216590855 1950409828 2042960
D 12209492 1950409828 2042960
D 1223685984 1950409828 2042960
D 1225373914 1950409828 2042960
D 1225439493 1950409828 2042960
D 1225616405 1950409828 2042960
D 1226622409 1950409828 2042960
D 1227074340 1950409828 2042960
D 1232306490 1950409828 2042960
D 1234776885 1950409828 2042960
D 1239731077 1950409828 2042960
D 1241276575 1950409828 2042960
D 124313277 1950409828 2042960
D 1250391581 1950409828 2042960
D 125130493 1950409828 2042960
D 1253946629 1950409828 2042960
D 1254526270 1950409828 2042960
D 125622176 1950409828 2042960
D 1260134048 1950409828 2042960
D 1262822392 1950409828 2042960
D 1263877414 1950409828 2042960
D 1265210847 1950409828 2042960
D 1268066861 1950409828 2042960
D 1268650975 1950409828 2042960
D 1270855946 1950409828 2042960
D 1273765644 1950409828 2042960
D 127618319 1950409828 2042960
D 1277181601 1950409828 2042960
D 1279149968 1950409828 2042960
D 1282473384 1950409828 2042960
D 1282788025 1950409828 2042960
D 128526626 1950409828 2042960
D 1286084959 1950409828 2042960
D 1286783232 1950409828 2042960
D 1287712235 1950409828 2042960
D 1288141870 1950409828 2042960
D 1289479439 1950409828 2042960
D 1291286504 1950409828 2042960
D 1295083508 1950409828 2042960
D 1297149880 1950409828 2042960
D 1301664418 1950409828 2042960
D 1307096070 1950409828 2042960
D 1308244637 1950409828 2042960
D 1308927845 1950409828 2042960
D 1310540333 1950409828 2042960
D 1316061703 1950409828 2042960
D 1316864772 1950409828 2042960
D 1318822808 1950409828 2042960
D 1320677379 1950409828 2042960
D 1321640594 1950409828 2042960
D 1325808650 1950409828 2042960
D 1330106945 1950409828 2042960
D 1330278544 1950409828 2042960
D 133250414 1950409828 2042960
D 13326370 1950409828 2042960
D 13329486 1950409828 2042960
D 1333592072 1950409828 2042960
D 1335050193 1950409828 2042960
D 1335298403 1950409828 2042960
D 1338823963 1950409828 2042960
D 1340328248 1950409828 2042960
D 1344645519 1950409828 2042960
D 1345636186 1950409828 2042960
D 1347870667 1950409828 2042960
D 1348949648 1950409828 2042960
D 1349414238 1950409828 2042960
D 1354011814 1950409828 2042960
D 1355316001 1950409828 2042960
D 1355531311 1950409828 2042960
D 1358444045 1950409828 2042960
D 1359044626 1950409828 2042960
D 1359484306 1950409828 2042960
D 1360767589 1950409828 2042960
D 1364614850 1950409828 2042960
D 13648335 1950409828 2042960
D 1372082959 1950409828 2042960
D 1373810119 1950409828 2042960
D 1374677625 1950409828 2042960
D 1376400422 1950409828 2042960
D 1379435698 1950409828 2042960
D 1383547042 1950409828 2042960
D 1384722895 1950409828 2042960
D 1386767190 1950409828 2042960
D 1387228415 1950409828 2042960
D 1389647288 1950409828 2042960
D 1391942103 1950409828 2042960
D 1392425346 1950409828 2042960
D 1393931310 1950409828 2042960
D 1394336709 1950409828 2042960
D 1395089624 1950409828 2042960
D 1399499405 1950409828 2042960
D 1401132667 1950409828 2042960
D 140799417 1950409828 2042960
D 1408652377 1950409828 2042960
D 1410986873 1950409828 2042960
D 141289226 1950409828 2042960
D 1413246829 1950409828 2042960
D 1413653265 1950409828 2042960
D 1414521932 1950409828 2042960
D 1416233903 1950409828 2042960
D 1418370913 1950409828 2042960
D 1418428263 1950409828 2042960
D 1418621776 1950409828 2042960
D 1419810764 1950409828 2042960
D 142555199 1950409828 2042960
D 142638629 1950409828 2042960
D 142666848 1950409828 2042960
D 1427810650 1950409828 2042960
D 1429880200 1950409828 2042960
D 143110009 1950409828 2042960
D 1433867275 1950409828 2042960
D 1435804085 1950409828 2042960
D 1440047379 1950409828 2042960
D 1442045361 1950409828 2042960
D 1445157774 1950409828 2042960
D 1447689627 1950409828 2042960
D 1449621165 1950409828 2042960
D 1450821318 1950409828 2042960
D 1451043227 1950409828 2042960
D 1453128758 1950409828 2042960
D 1454031203 1950409828 2042960
D 1454127753 1950409828 2042960
D 1456208737 1950409828 2042960
D 1458540918 1950409828 2042960
D 1458849419 1950409828 2042960
D 1459672753 1950409828 2042960
D 1459794865 1950409828 2042960
D 1463757745 1950409828 2042960
D 1464642111 1950409828 2042960
D 1465085305 1950409828 2042960
D 146611050 1950409828 2042960
D 1468177767 1950409828 2042960
D 1468303011 1950409828 2042960
D 1468357786 1950409828 2042960
D 1471868639 1950409828 2042960
D 1476011703 1950409828 2042960
D 1476394199 1950409828 2042960
D 1483022288 1950409828 2042960
D 1484594489 1950409828 2042960
D 1485955886 1950409828 2042960
D 1486371051 1950409828 2042960
D 1489069835 1950409828 2042960
D 149047107 1950409828 2042960
D 1495242910 1950409828 2042960
D 1497973285 1950409828 2042960
D 1500056228 1950409828 2042960
D 1501587365 1950409828 2042960
D 1502635287 1950409828 2042960
D 1504109395 1950409828 2042960
D 1508395126 1950409828 2042960
D 1508646930 1950409828 2042960
D 1509563803 1950409828 2042960
D 1510067370 1950409828 2042960
D 1511785794 1950409828 2042960
D 1513712028 1950409828 2042960
D 1514322932 1950409828 2042960
D 1516369375 1950409828 2042960
D 1518864111 1950409828 2042960
D 1519280649 1950409828 2042960
D 152005629 1950409828 2042960
D 152134087 1950409828 2042960
D 1522311648 1950409828 2042960
D 1525037790 1950409828 2042960
D 1525262377 1950409828 2042960
D 1528637575 1950409828 2042960
D 1529306539 1950409828 2042960
D 1531333864 1950409828 2042960
D 1535634836 1950409828 2042960
D 1537358694 1950409828 2042960
D 1538399081 1950409828 2042960
D 1539805781 1950409828 2042960
D 1540011289 1950409828 2042960
D 1540270363 1950409828 2042960
D 1543237999 1950409828 2042960
D 1543727556 1950409828 2042960
D 1547425104 1950409828 2042960
D 1549409129 1950409828 2042960
D 1551870003 1950409828 2042960
D 1555690610 1950409828 2042960
D 1555845260 1950409828 2042960
D 1556595366 1950409828 2042960
D 1558712965 1950409828 2042960
D 1566502717 1950409828 2042960
D 1566723494 1950409828 2042960
D 1568059495 1950409828 2042960
D 157456214 1950409828 2042960
D 157627094 1950409828 2042960
D 157683534 1950409828 2042960
D 1576861390 1950409828 2042960
D 1577213552 1950409828 2042960
D 1580893732 1950409828 2042960
D 1582797472 1950409828 2042960
D 1585787493 1950409828 2042960
D 1589683045 1950409828 2042960
D 1590550415 1950409828 2042960
D 159259014 1950409828 2042960
D 1595212853 1950409828 2042960
D 1595953398 1950409828 2042960
D 1596000437 1950409828 2042960
D 1596467899 1950409828 2042960
D 1597249648 1950409828 2042960
D 1597462040 1950409828 2042960
D 1597655940 1950409828 2042960
D 1599771323 1950409828 2042960
D 1603195447 1950409828 2042960
D 1604125387 1950409828 2042960
D 1605283233 1950409828 2042960
D 1608446010 1950409828 710
D 1612799726 1950409828 2042960
D 1613255205 1950409828 2042960
D 1615056168 1950409828 2042960
D 1615780336 1950409828 2042960
D 1618212626 1950409828 2042960
D 161960012 1950409828 2042960
D 1620303253 1950409828 2042960
D 1622006612 1950409828 2042960
D 1626877848 1950409828 2042960
D 1627800613 1950409828 2042960
D 1627821297 1950409828 2042960
D 1627960023 1950409828 2042960
D 1629604310 1950409828 2042960
D 1629911510 1950409828 2042960
D 1630521067 1950409828 2042960
D 1631862159 1950409828 2042960
D 1632392469 1950409828 2042960
D 1632492873 1950409828 2042960
D 1634198 1950409828 2042960
D 1635546341 1950409828 2042960
D 1635756693 1950409828 2042960
D 1635985705 1950409828 2042960
D 1638172114 1950409828 2042960
D 1638215613 1950409828 2042960
D 1639622804 1950409828 2042960
D 1641808846 1950409828 2042960
D 1643691748 1950409828 2042960
D 1644443712 1950409828 2042960
D 1651855867 1950409828 2042960
D 1651945012 1950409828 2042960
D 1654589030 1950409828 2042960
D 1659791576 1950409828 2042960
D 166239592 1950409828 2042960
D 1663166483 1950409828 2042960
D 1663411182 1950409828 2042960
D 1665404403 1950409828 2042960
D 1668627309 1950409828 2042960
D 167185492 1950409828 2042960
D 1674896058 1950409828 2042960
D 1675763772 1950409828 2042960
D 1681595665 1950409828 2042960
D 1682092198 1950409828 2042960
D 1684106402 1950409828 2042960
D 1684890795 1950409828 2042960
D 1685232414 1950409828 2042960
D 1688019098 1950409828 2042960
D 1689843956 1950409828 2042960
D 1690254271 1950409828 2042960
D 1690287238 1950409828 2042960
D 1690716179 1950409828 2042960
D 1693847660 1950409828 2042960
D 1694556038 1950409828 2042960
D 1698097425 1950409828 2042960
D 1698156408 1950409828 2042960
D 1702146597 1950409828 2042960
D 1709366259 1950409828 2042960
D 1709537756 1950409828 2042960
D 1711574013 1950409828 2042960
D 1712536284 1950409828 2042960
D 1712669532 1950409828 2042960
D 171497379 1950409828 2042960
D 1715998167 1950409828 2042960
D 1720435669 1950409828 2042960
D 1722023916 1950409828 2042960
D 1725017993 1950409828 2042960
D 1725097945 1950409828 2042960
D 1728790703 1950409828 2042960
D 1729199940 1950409828 2042960
D 1730173572 1950409828 2042960
D 1731722639 1950409828 2042960
D 1734161410 1950409828 2042960
D 1734853116 1950409828 2042960
D 1735934726 1950409828 2042960
D 1740000325 1950409828 2042960
D 1740035246 1950409828 2042960
D 1740189450 1950409828 2042960
D 1744347043 1950409828 2042960
D 174573182 1950409828 2042960
D 1748225580 1950409828 2042960
D 1749186397 1950409828 2042960
D 1750905143 1950409828 2042960
D 1752203484 1950409828 2042960
D 1753447031 1950409828 2042960
D 1754638213 1950409828 2042960
D 1757143877 1950409828 2042960
D 1757293506 1950409828 2042960
D 1757676444 1950409828 2042960
D 1761061602 1950409828 2042960
D 1761291320 1950409828 2042960
D 1766724936 1950409828 2042960
D 1769597131 1950409828 2042960
D 1773206895 1950409828 2042960
D 1776957250 1950409828 2042960
D 1778535015 1950409828 2042960
D 1780132728 1950409828 2042960
D 1781256139 1950409828 2042960
D 1782113663 1950409828 2042960
D 1782704802 1950409828 2042960
D 1783593083 1950409828 2042960
D 1784662007 1950409828 2042960
D 1789550256 1950409828 2042960
D 1791868405 1950409828 2042960
D 1791930789 1950409828 2042960
D 1792393294 1950409828 2042960
D 1792845110 1950409828 2042960
D 1795799895 1950409828 2042960
D 1796488937 1950409828 2042960
D 1798286609 1950409828 2042960
D 1800890735 1950409828 2042960
D 1802598046 1950409828 2042960
D 1805013491 1950409828 2042960
D 1807837413 1950409828 2042960
D 1809787067 1950409828 2042960
D 1810132623 1950409828 2042960
D 1811044090 1950409828 2042960
D 1815546035 1950409828 2042960
D 1816757085 1950409828 2042960
D 1818402158 1950409828 2042960
D 1824835605 1950409828 2042960
D 182738614 1950409828 2042960
D 1828757853 1950409828 2042960
D 1830712962 1950409828 2042960
D 1833638914 1950409828 2042960
D 1836643189 1950409828 2042960
D 1836797772 1950409828 2042960
D 1837543557 1950409828 2042960
D 1837760739 1950409828 2042960
D 1843368112 1950409828 2042960
D 1844169442 1950409828 2042960
D 1845066581 1950409828 2042960
D 1845904670 1950409828 2042960
D 1846412426 1950409828 2042960
D 1846896625 1950409828 2042960
D 1847509784 1950409828 2042960
D 1849433705 1950409828 2042960
D 184966243 1950409828 2042960
D 1852584274 1950409828 2042960
D 1854778591 1950409828 2042960
D 1856056345 1950409828 2042960
D 1856426318 1950409828 2042960
D 1857815974 1950409828 2042960
D 1860513229 1950409828 2042960
D 1860944798 1950409828 2042960
D 1863932867 1950409828 2042960
D 1864350231 1950409828 2042960
D 1870252780 1950409828 2042960
D 1870647526 1950409828 2042960
D 1873653341 1950409828 2042960
D 1874154700 1950409828 2042960
D 1875308878 1950409828 2042960
D 1876631416 1950409828 2042960
D 1879034789 1950409828 2042960
D 1879492184 1950409828 2042960
D 1883919084 1950409828 2042960
D 1887400018 1950409828 2042960
D 1887813102 1950409828 2042960
D 1897115967 1950409828 2042960
D 1897871865 1950409828 2042960
D 1899073220 1950409828 2042960
D 1900164709 1950409828 2042960
D 1908143486 1950409828 2042960
D 1908153060 1950409828 2042960
D 1908316405 1950409828 2042960
D 1908923184 1950409828 2042960
D 1911006827 1950409828 2042960
D 1911728085 1950409828 2042960
D 191382150 1950409828 2042960
D 1914572623 1950409828 2042960
D 1915058446 1950409828 2042960
D 1917513796 1950409828 2042960
D 1918627686 1950409828 2042960
D 1924582348 1950409828 2042960
D 1926764753 1950409828 2042960
D 192794887 1950409828 2042960
D 1929600551 1950409828 2042960
D 1935365522 1950409828 2042960
D 1935637221 1950409828 2042960
D 1937348256 1950409828 2042960
D 1937962514 1950409828 2042960
D 1938056729 1950409828 2042960
D 194494468 1950409828 2042960
D 1945604815 1950409828 2042960
D 1946403944 1950409828 2042960
D 1952779858 1950409828 2042960
D 1955915048 1950409828 2042960
D 1956710488 1950409828 2042960
D 1957502751 1950409828 2042960
D 1967205423 1950409828 2042960
D 1967892594 1950409828 2042960
D 1970881185 1950409828 2042960
D 1971489295 1950409828 2042960
D 19717364 1950409828 2042960
D 1971851377 1950409828 2042960
D 1975358023 1950409828 2042960
D 1983747920 1950409828 2042960
D 1987083830 1950409828 2042960
D 198761306 1950409828 2042960
D 1989972246 1950409828 2042960
D 1990451863 1950409828 2042960
D 1991294891 1950409828 2042960
D 1995616381 1950409828 2042960
D 2001112025 1950409828 2042960
D 2006034581 1950409828 2042960
D 2008017533 1950409828 2042960
D 2008362258 1950409828 2042960
D 2009787198 1950409828 2042960
D 2011986105 1950409828 2042960
D 2012232625 1950409828 2042960
D 2012846597 1950409828 2042960
D 201556483 1950409828 2042960
D 2015601401 1950409828 2042960
D 2017354584 1950409828 2042960
D 2025864991 1950409828 2042960
D 2028371466 1950409828 2042960
D 2030562336 1950409828 2042960
D 2032251042 1950409828 2042960
D 2034688500 1950409828 2042960
D 2036368507 1950409828 851
D 2036958521 1950409828 2042960
D 2042495840 1950409828 2042960
D 2047526627 1950409828 2042960
D 2048425748 1950409828 2042960
D 2048834776 1950409828 2042960
D 2050019814 1950409828 2042960
D 2050835901 1950409828 2042960
D 205125520 1950409828 2042960
D 2051450519 1950409828 2042960
D 2052915500 1950409828 2042960
D 2054574951 1950409828 2042960
D 2054798982 1950409828 2042960
D 2054881392 1950409828 2042960
D 2056418216 1950409828 2042960
D 205962452 1950409828 2042960
D 2059904228 1950409828 2042960
D 2065530879 1950409828 2042960
D 2066940133 1950409828 2042960
D 20671747 1950409828 2042960
D 2068434592 1950409828 2042960
D 2070529722 1950409828 2042960
D 2075203460 1950409828 2042960
D 2080166188 1950409828 2042960
D 2081303229 1950409828 2042960
D 2081853534 1950409828 2042960
D 2083117811 1950409828 2042960
D 2083562754 1950409828 2042960
D 2085857771 1950409828 2042960
D 2088051243 1950409828 2042960
D 2091156596 1950409828 2042960
D 2092769598 1950409828 2042960
D 2094411587 1950409828 2042960
D 2094777811 1950409828 2042960
D 2095490653 1950409828 2042960
D 2096057945 1950409828 2042960
D 2096171631 1950409828 2042960
D 2097514481 1950409828 2042960
D 209813603 1950409828 2042960
D 209833425 1950409828 2042960
D 2101440631 1950409828 2042960
D 2101842856 1950409828 2042960
D 2104545713 1950409828 2042960
D 2106620844 1950409828 2042960
D 2107447833 1950409828 2042960
D 2109957412 1950409828 2042960
D 2110245805 1950409828 2042960
D 2114650936 1950409828 2042960
D 2114694065 1950409828 2042960
D 2114889273 1950409828 2042960
D 2116908859 1950409828 2042960
D 212628335 1950409828 60
D 212921632 1950409828 2042960
D 213193302 1950409828 2042960
D 2136344592 1950409828 2042960
D 2137211482 1950409828 2042960
D 2137589296 1950409828 2042960
D 214074868 1950409828 2042960
D 2140832232 1950409828 2042960
D 2142003995 1950409828 2042960
D 215145189 1950409828 2042960
D 221036634 1950409828 2042960
D 222624801 1950409828 2042960
D 22429093 1950409828 2042960
D 225493257 1950409828 2042960
D 226170135 1950409828 2042960
D 226710952 1950409828 2042960
D 230835489 1950409828 2042960
D 232824863 1950409828 2042960
D 234698513 1950409828 2042960
D 237351678 1950409828 2042960
D 238157928 1950409828 2042960
D 239465106 1950409828 2042960
D 240650537 1950409828 2042960
D 242131142 1950409828 2042960
D 242355057 1950409828 2042960
D 242481580 1950409828 2042960
D 243745864 1950409828 2042960
D 24433162 1950409828 2042960
D 245475541 1950409828 2042960
D 245672235 1950409828 2042960
D 246399377 1950409828 2042960
D 248609774 1950409828 2042960
D 249155636 1950409828 2042960
D 249515771 1950409828 2042960
D 250370634 1950409828 2042960
D 25126016 1950409828 2042960
D 25548982 1950409828 2042960
D 257895351 1950409828 2042960
D 258754732 1950409828 2042960
D 26117480 1950409828 2042960
D 2619171 1950409828 2042960
D 263025902 1950409828 2042960
D 267760927 1950409828 2042960
D 269468037 1950409828 2042960
D 274064559 1950409828 2042960
D 274773041 1950409828 2042960
D 280744458 1950409828 2042960
D 280884709 1950409828 2042960
D 285377351 1950409828 2042960
D 288665596 1950409828 2042960
D 289639718 1950409828 2042960
D 290658609 1950409828 2042960
D 292917034 1950409828 2042960
D 310656974 1950409828 2042960
D 312116338 1950409828 2042960
D 314265080 1950409828 2042960
D 314337396 1950409828 2042960
D 317983781 1950409828 2042960
D 317986356 1950409828 2042960
D 319977154 1950409828 2042960
D 32017212 1950409828 2042960
D 321142942 1950409828 2042960
D 3213500 1950409828 2042960
D 325333723 1950409828 2042960
D 327177752 1950409828 2042960
D 32863545 1950409828 2042960
D 328638398 1950409828 2042960
D 329611835 1950409828 2042960
D 329645619 1950409828 2042960
D 331510866 1950409828 2042960
D 331844619 1950409828 2042960
D 333362446 1950409828 2042960
D 334203599 1950409828 2042960
D 33524623 1950409828 2042960
D 335471116 1950409828 2042960
D 342597804 1950409828 2042960
D 343965883 1950409828 2042960
D 344560770 1950409828 2042960
D 3447021 1950409828 2042960
D 346861221 1950409828 2042960
D 348100441 1950409828 2042960
D 352359770 1950409828 2042960
D 353842779 1950409828 2042960
D 356473385 1950409828 2042960
D 357863579 1950409828 2042960
D 361993357 1950409828 2042960
D 36202360 1950409828 2042960
D 362239120 1950409828 2042960
D 36333492 1950409828 2042960
D 366004251 1950409828 2042960
D 370988149 1950409828 2042960
D 377478451 1950409828 2042960
D 380936215 1950409828 2042960
D 381707837 1950409828 2042960
D 385242642 1950409828 2042960
D 391359742 1950409828 2042960
D 391447681 1950409828 2042960
D 391618063 1950409828 2042960
D 392292416 1950409828 2042960
D 394714818 1950409828 2042960
D 395629617 1950409828 2042960
D 398887205 1950409828 2042960
D 399931359 1950409828 2042960
D 400136488 1950409828 2042960
D 401424608 1950409828 2042960
D 403424356 1950409828 2042960
D 403605349 787604730 2043282
D 403716510 1950409828 2042960
D 407858146 1950409828 2042960
D 410495873 1950409828 2042960
D 411631404 1950409828 2042960
D 415138788 1950409828 2042960
D 418304857 1950409828 2042960
D 41903949 1950409828 2042960
D 42121758 1950409828 2042960
D 422250493 1950409828 2042960
D 422392391 1950409828 2042960
D 423031029 1950409828 2042960
D 428746855 1950409828 2042960
D 429313384 1950409828 2042960
D 431687835 1950409828 2042960
D 434091818 1950409828 2042960
D 434176574 1950409828 2042960
D 438135304 1950409828 2042960
D 439904756 1950409828 2042960
D 440434003 1950409828 2042960
D 445288316 1950409828 2042960
D 446073433 1950409828 2042960
D 451111351 1950409828 2042960
D 453211571 1950409828 2042960
D 455538610 1950409828 2042960
D 457233904 1950409828 2042960
D 459296537 1950409828 2042960
D 459857341 1950409828 2042960
D 466002798 1950409828 2042960
D 466505482 1950409828 2042960
D 472654579 1950409828 2042960
D 473581465 1950409828 2042960
D 475266352 1950409828 2042960
D 476800120 1950409828 2042960
D 483422889 1950409828 2042960
D 485041780 1950409828 2042960
D 48612937 1950409828 2042960
D 486898233 1950409828 2042960
D 488044861 1950409828 2042960
D 488970385 1950409828 2042960
D 489279267 1950409828 2042960
D 490150701 1950409828 2042960
D 495792375 1950409828 2042960
D 503195940 1950409828 2042960
D 504527234 1950409828 2042960
D 507084503 1950409828 2042960
D 509886383 1950409828 2042960
D 510113906 1950409828 2042960
D 510464020 1950409828 2042960
D 511473681 1950409828 2042960
D 513169028 1950409828 2042960
D 517210187 1950409828 2042960
D 519569038 1950409828 2042960
D 519821334 1950409828 2042960
D 520016214 1950409828 2042960
D 522764626 1950409828 2042960
D 523691575 1950409828 2042960
D 525571 1950409828 2042960
D 525683462 1950409828 2042960
D 527446182 1950409828 2042960
D 529116035 1950409828 2042960
D 532445947 1950409828 2042960
D 532854629 1950409828 2042960
D 540159270 1950409828 2042960
D 540585569 1950409828 2042960
D 540642172 1950409828 2042960
D 542060780 1950409828 2042960
D 54495403 1950409828 2042960
D 546718765 1950409828 2042960
D 551734240 1950409828 2042960
D 55331187 1950409828 2042960
D 553871028 1950409828 2042960
D 555826066 1950409828 2042960
D 557041912 1950409828 2042960
D 55909012 1950409828 2042960
D 5592464 1950409828 2042960
D 559450121 1950409828 2042960
D 559670971 1950409828 2042960
D 561247961 1950409828 2042960
D 564160838 1950409828 2042960
D 566034357 1950409828 2042960
D 57494364 1950409828 2042960
D 575335780 1950409828 2042960
D 575593575 1950409828 2042960
D 57748372 1950409828 2042960
D 578866604 1950409828 2042960
D 581374081 1950409828 2042960
D 586617651 1950409828 2042960
D 589446616 1950409828 2042960
D 591137559 1950409828 2042960
D 591723622 1950409828 2042960
D 592179046 1950409828 2042960
D 592688102 1950409828 2042960
D 59559151 1950409828 2042960
D 597255128 1950409828 2042960
D 600746945 1950409828 2042960
D 601008104 1950409828 2042960
D 601893033 1950409828 2042960
D 603650290 1950409828 2042960
D 603856241 1950409828 2042960
D 60559178 1950409828 2042960
D 606548741 1950409828 2042960
D 607635164 1950409828 2042960
D 60830820 1950409828 2042960
D 610984013 1950409828 2042960
D 611437735 1950409828 2042960
D 627150481 1950409828 2042960
D 627185331 1950409828 2042960
D 632249781 1950409828 2042960
D 633070006 1950409828 2042960
D 640363654 1950409828 2042960
D 644166178 1950409828 2042960
D 644460953 1950409828 2042960
D 64830413 1950409828 2042960
D 648525677 1950409828 2042960
D 648680157 1950409828 2042960
D 649734728 1950409828 2042960
D 650023597 1950409828 2042960
D 653687670 1950409828 2042960
D 654582261 1950409828 2042960
D 654845766 1950409828 2042960
D 655381473 1950409828 2042960
D 659748578 1950409828 2042960
D 660143728 1950409828 2042960
D 66233253 1950409828 2042960
D 662441761 1950409828 2042960
D 662736689 1950409828 2042960
D 662822946 1950409828 2042960
D 665188480 1950409828 2042960
D 665372494 1950409828 2042960
D 665576141 1950409828 2042960
D 667026744 1950409828 2042960
D 668849042 1950409828 2042960
D 670035812 1950409828 2042960
D 672320506 1950409828 2042960
D 6738746 1950409828 2042960
D 674483268 1950409828 2042960
D 679890578 1950409828 2042960
D 681384962 1950409828 2042960
D 682376643 1950409828 2042960
D 684874119 1950409828 2042960
D 687241927 1950409828 2042960
D 687780858 1950409828 2042960
D 692342133 1950409828 2042960
D 695682681 1950409828 2042960
D 697960108 1950409828 2042960
D 699780352 1950409828 2042960
D 701141022 1950409828 2042960
D 703504298 1950409828 2042960
D 705265961 1950409828 2042960
D 706197430 1950409828 2042960
D 706277948 1950409828 2042960
D 707610042 1950409828 2042960
D 707806938 1950409828 2042960
D 708049632 1950409828 2042960
D 710239027 1950409828 2042960
D 710714889 1950409828 2042960
D 712025048 1950409828 2042960
D 712256162 1950409828 2042960
D 716083600 1950409828 2042960
D 716143810 1950409828 2042960
D 716157500 1950409828 2042960
D 717356484 1950409828 2042960
D 717386707 1950409828 2042960
D 718231523 1950409828 2042960
D 724125922 1950409828 2042960
D 727001376 1950409828 2042960
D 729864207 1950409828 2042960
D 731260860 1950409828 2042960
D 731395981 1950409828 2042960
D 733957003 1950409828 2042960
D 736709391 1950409828 2042960
D 738433734 1950409828 2042960
D 739498517 1950409828 2042960
D 745160567 1950409828 2042960
D 747464370 1950409828 2042960
D 748658608 1950409828 2042960
D 750044075 1950409828 2042960
D 75457651 1950409828 2042960
D 754666084 1950409828 2042960
D 757108857 1950409828 2042960
D 759156157 1950409828 2042960
D 760563749 1950409828 2042960
D 761960786 1950409828 2042960
D 762152757 1950409828 2042960
D 762218386 1950409828 2042960
D 762227630 1950409828 2042960
D 764372388 1950409828 2042960
D 764577347 1950409828 2042960
D 766572210 1950409828 2042960
D 767010715 1950409828 2042960
D 783286238 1950409828 2042960
D 785992331 1950409828 2042960
D 787387795 1950409828 2042960
D 787867107 1950409828 2042960
D 788117692 1950409828 2042960
D 791885625 1950409828 2042960
D 792791759 1950409828 2042960
D 795372831 1950409828 2042960
D 796533847 1950409828 2042960
D 796684896 1950409828 2042960
D 798244209 1950409828 2042960
D 801197928 1950409828 2042960
D 804581391 1950409828 2042960
D 804611486 1950409828 2042960
D 809762318 1950409828 2042960
D 81009902 1950409828 2042960
D 811587677 1950409828 2042960
D 813656972 1950409828 2042960
D 815992954 1950409828 2042960
D 817406040 1950409828 2042960
D 818403870 1950409828 2042960
D 824009085 1950409828 2042960
D 827966648 1950409828 2042960
D 828441346 1950409828 2042960
D 832947102 1950409828 2042960
D 834133664 1950409828 2042960
D 836514715 1950409828 2042960
D 837764579 1950409828 2042960
D 841283083 1950409828 2042960
D 842326585 1950409828 2042960
D 846063400 1950409828 2042960
D 846238611 1950409828 2042960
D 846492085 1950409828 2042960
D 84739718 1950409828 2042960
D 852687460 1950409828 2042960
D 853119666 1950409828 2042960
D 853993923 1950409828 2042960
D 854507466 1950409828 2042960
D 85777802 1950409828 2042960
D 858242339 1950409828 2042960
D 859417998 1950409828 2042960
D 861842890 1950409828 2042960
D 863125040 1950409828 2042960
D 863831416 1950409828 2042960
D 866191240 1950409828 2042960
D 868737467 1950409828 2042960
D 870698190 1950409828 2042960
D 872627152 1950409828 2042960
D 873415566 1950409828 2042960
D 874088044 1950409828 2042960
D 875827115 1950409828 2042960
D 876563773 1950409828 2042960
D 87765719 1950409828 2042960
D 884457408 1950409828 2042960
D 88558700 1950409828 2042960
D 88579647 1950409828 2042960
D 885851948 1950409828 2042960
D 885951223 1950409828 2042960
D 892529689 1950409828 2042960
D 89387388 1950409828 2042960
D 895947612 1950409828 2042960
D 896681694 1950409828 2042960
D 897913732 1950409828 2042960
D 901506536 1950409828 2042960
D 902919927 1950409828 2042960
D 90320863 1950409828 2042960
D 905544614 1950409828 2042960
D 905654280 1950409828 2042960
D 909295153 1950409828 2042960
D 913190639 1950409828 2042960
D 914504136 1950409828 2042960
D 916419490 1950409828 2042960
D 917819120 1950409828 2042960
D 920011586 1950409828 2042960
D 92150540 1950409828 2042960
D 922151033 1950409828 2042960
D 922872566 1950409828 2042960
D 923219673 1950409828 2042960
D 924477420 1950409828 2042960
D 926370398 1950409828 2042960
D 93122545 1950409828 2042960
D 932607259 1950409828 2042960
D 936580213 1950409828 2042960
D 940060004 1950409828 2042960
D 940553268 1950409828 2042960
D 94264799 1950409828 2042960
D 942986815 1950409828 2042960
D 943010986 1950409828 2042960
D 94345706 1950409828 2042960
D 947679291 1950409828 2042960
D 951880373 1950409828 2042960
D 95395916 1950409828 2042960
D 959447386 1950409828 2042960
D 961419791 1950409828 2042960
D 963269035 1950409828 2042960
D 963601816 1950409828 2042960
D 966808741 1950409828 2042960
D 967765295 1950409828 2042960
D 968514068 1950409828 2042960
D 972765878 1950409828 2042960
D 97730845 1950409828 2042960
D 977993101 1950409828 2042960
D 979294118 1950409828 2042960
D 981661423 1950409828 2042960
D 982007015 1950409828 2042960
D 984213526 1950409828 2042960
D 984849465 1950409828 2042960
D 985397764 1950409828 2042960
D 985655350 1950409828 2042960
D 985922955 1950409828 2042960
D 985934102 1950409828 2042960
D 987405879 1950409828 2042960
D 988458918 1950409828 2042960
D 989938643 1950409828 2042960
D 990398217 1950409828 2042960
D 990416209 1950409828 2042960
D 991505714 1950409828 2042960
D 99347477 1950409828 2042960
D 99451533 1950409828 2042960
D 997110508 1950409828 2042960
D 99747242 1950409828 2042960
D 998351292 1950409828 2042960
