D 1053782781 1950409828 863
D 110456297 1950409828 863
D 1156060786 1950409828 863
D 116211441 1950409828 863
D 1188392295 1950409828 863
D 1190524793 1950409828 863
D 1205044462 1950409828 863
D 1211888640 1950409828 863
D 12209492 1950409828 863
D 1225373914 1950409828 863
D 124313277 1950409828 863
D 1254526270 1950409828 863
D 1265210847 1950409828 863
D 1282788025 1950409828 863
D 128526626 1950409828 863
D 1287712235 1950409828 863
D 1330278544 1950409828 863
D 1338823963 1950409828 863
D 1348949648 1950409828 863
D 1355531311 1950409828 863
D 1364614850 1950409828 863
D 1418370913 1950409828 863
D 1419810764 1950409828 863
D 1433867275 1950409828 863
D 1514322932 1950409828 863
D 1516369375 1950409828 863
D 1528637575 1950409828 863
D 1543727556 1950409828 863
D 1562557367 1950409828 863
D 1595212853 1950409828 863
D 1635546341 1950409828 863
D 1639622804 1950409828 863
D 1651945012 1950409828 863
D 1654589030 1950409828 863
D 166239592 1950409828 863
D 1681595665 1950409828 863
D 1690716179 1950409828 863
D 1698156408 1950409828 863
D 1702146597 1950409828 863
D 1712669532 1950409828 863
D 1729199940 1950409828 863
D 1734853116 1950409828 863
D 1740035246 1950409828 863
D 1744347043 1950409828 863
D 1791930789 1950409828 863
D 184966243 1950409828 863
D 1870252780 1950409828 863
D 1911006827 1950409828 863
D 1911728085 1950409828 863
D 1929600551 1950409828 863
D 1937962514 1950409828 863
D 1967205423 1950409828 863
D 1983747920 1950409828 863
D 2012232625 1950409828 863
D 205125520 1950409828 863
D 20671747 1950409828 863
D 2081853534 1950409828 863
D 212628335 1950409828 863
D 225493257 1950409828 863
D 232824863 1950409828 863
D 257895351 1950409828 863
D 314337396 1950409828 863
D 33524623 1950409828 863
D 344560770 1950409828 863
D 346861221 1950409828 863
D 391359742 1950409828 863
D 401424608 1950409828 863
D 42121758 1950409828 863
D 423031029 1950409828 863
D 459296537 1950409828 863
D 466002798 1950409828 863
D 475266352 1950409828 863
D 519569038 1950409828 863
D 564160838 1950409828 863
D 57494364 1950409828 863
D 575335780 1950409828 863
D 581374081 1950409828 863
D 607635164 1950409828 863
D 60830820 1950409828 863
D 611437735 1950409828 863
D 627150481 1950409828 863
D 644460953 1950409828 863
D 687780858 1950409828 863
D 692342133 1950409828 863
D 707610042 1950409828 863
D 710714889 1950409828 863
D 717356484 1950409828 863
D 736709391 1950409828 863
D 754666084 1950409828 863
D 759156157 1950409828 863
D 761960786 1950409828 863
D 762152757 1950409828 863
D 801197928 1950409828 863
D 834133664 1950409828 863
D 846063400 1950409828 863
D 884457408 1950409828 863
D 88558700 1950409828 863
D 913190639 1950409828 863
D 947679291 1950409828 863
D 959447386 1950409828 863
D 963269035 1950409828 863
D 966808741 1950409828 863
D 97730845 1950409828 863
D 981661423 1950409828 863
D 985934102 1950409828 863
D 991505714 1950409828 863
