D 1053782781 1950409828 29768
D 110456297 1950409828 19997
D 1156060786 1950409828 16160
D 116211441 1950409828 1735
D 1188392295 1950409828 38235
D 1190524793 1950409828 18651
D 1205044462 1950409828 28008
D 1211888640 1950409828 29768
D 12209492 1950409828 21725
D 1225373914 1950409828 30435
D 124313277 1950409828 17321
D 1254526270 1950409828 13891
D 1265210847 1950409828 29768
D 1270062439 787604730 39489
D 1282788025 1950409828 21983
D 128526626 1950409828 29768
D 1287712235 1950409828 37035
D 1330278544 1950409828 19997
D 1338823963 1950409828 15998
D 1348949648 1950409828 26470
D 1355531311 1950409828 29768
D 1364614850 1950409828 36707
D 1418370913 1950409828 35677
D 1419810764 1950409828 30524
D 1433867275 1950409828 13489
D 1514322932 1950409828 18272
D 1516369375 1950409828 32005
D 1528637575 1950409828 18756
D 1543727556 1950409828 25767
D 1562557367 1950409828 142
D 1595212853 1950409828 29768
D 1635546341 1950409828 30176
D 1639622804 1950409828 20088
D 1651945012 1950409828 32321
D 1654589030 1950409828 29768
D 166239592 1950409828 1052
D 1681595665 1950409828 33574
D 1690716179 1950409828 29768
D 1698156408 1950409828 30435
D 1702146597 1950409828 33574
D 1712669532 1950409828 32052
D 1729199940 1950409828 23573
D 1734853116 1950409828 37277
D 1740035246 1950409828 30270
D 1744347043 1950409828 13732
D 1791930789 1950409828 24643
D 184966243 1950409828 17321
D 1870252780 1950409828 23573
D 1911006827 1950409828 29768
D 1911728085 1950409828 29768
D 1929600551 1950409828 29768
D 1937962514 1950409828 2488
D 1967205423 1950409828 29768
D 1971489295 1950409828 39489
D 1983747920 1950409828 29036
D 2012232625 1950409828 29768
D 205125520 1950409828 29768
D 20671747 1950409828 29768
D 2081853534 1950409828 35842
D 212628335 1950409828 60
D 225493257 1950409828 26220
D 232824863 1950409828 21850
D 257895351 1950409828 29768
D 314337396 1950409828 21725
D 33524623 1950409828 29768
D 344560770 1950409828 1418
D 346861221 1950409828 38019
D 391359742 1950409828 35842
D 401424608 1950409828 26341
D 42121758 1950409828 29768
D 423031029 1950409828 30069
D 459296537 1950409828 36790
D 466002798 1950409828 29768
D 475266352 1950409828 29768
D 519569038 1950409828 23573
D 564160838 1950409828 29768
D 57494364 1950409828 33639
D 575335780 1950409828 29768
D 581374081 1950409828 28953
D 607635164 1950409828 2114
D 60830820 1950409828 30435
D 611437735 1950409828 24556
D 627150481 1950409828 29768
D 644460953 1950409828 33491
D 687780858 1950409828 36511
D 692342133 1950409828 29273
D 707610042 1950409828 35842
D 710714889 1950409828 35907
D 717356484 1950409828 29768
D 736709391 1950409828 26220
D 754666084 1950409828 29768
D 759156157 1950409828 30435
D 761960786 1950409828 28953
D 762152757 1950409828 21256
D 801197928 1950409828 29768
D 834133664 1950409828 28008
D 846063400 1950409828 29768
D 884457408 1950409828 30435
D 88558700 1950409828 29768
D 913190639 1950409828 30368
D 947679291 1950409828 29768
D 959447386 1950409828 29768
D 963269035 1950409828 35299
D 966808741 1950409828 1649
D 97730845 1950409828 24556
D 981661423 1950409828 33574
D 985934102 1950409828 28008
D 991505714 1950409828 1231
